-0.105
-0.115
-0.115
-0.11
-0.128
-0.105
-0.122
-0.115
-0.12
-0.115
-0.117
-0.105
-0.105
-0.105
-0.115
-0.11
-0.105
-0.115
-0.115
-0.12
-0.105
-0.115
-0.115
-0.102
-0.102
-0.113
-0.128
-0.125
-0.115
-0.12
-0.125
-0.122
-0.13
-0.125
-0.122
-0.135
-0.12
-0.115
-0.13
-0.133
-0.122
-0.122
-0.14
-0.133
-0.133
-0.115
-0.133
-0.133
-0.122
-0.12
-0.13
-0.125
-0.125
-0.122
-0.138
-0.135
-0.115
-0.105
-0.117
-0.115
-0.117
-0.125
-0.117
-0.115
-0.128
-0.12
-0.113
-0.107
-0.092
-0.095
-0.105
-0.105
-0.105
-0.113
-0.135
-0.125
-0.122
-0.125
-0.133
-0.122
-0.115
-0.115
-0.12
-0.115
-0.115
-0.115
-0.11
-0.087
-0.07
-0.08
-0.09
-0.095
-0.08
-0.062
-0.05
-0.043
-0.035
-0.013
-0.022
-0.035
-0.05
-0.06
-0.065
-0.075
-0.075
-0.075
-0.12
-0.117
-0.113
-0.122
-0.135
-0.13
-0.14
-0.125
-0.133
-0.175
-0.188
-0.305
-0.46
-0.565
-0.562
-0.39
-0.13
0.247
0.792
1.248
1.397
1.272
1.127
0.932
0.675
0.427
0.242
0.107
0.018
-0.045
-0.09
-0.113
-0.138
-0.17
-0.168
-0.158
-0.175
-0.175
-0.177
-0.182
-0.175
-0.19
-0.188
-0.185
-0.185
-0.198
-0.193
-0.18
-0.18
-0.19
-0.185
-0.175
-0.152
-0.158
-0.16
-0.145
-0.145
-0.16
-0.155
-0.15
-0.15
-0.145
-0.15
-0.145
-0.145
-0.15
-0.15
-0.155
-0.152
-0.155
-0.138
-0.135
-0.113
-0.145
-0.145
-0.142
-0.125
-0.13
-0.117
-0.1
-0.087
-0.08
-0.072
-0.055
-0.04
-0.025
-0.015
-0.003
0.01
0.005
-0.005
-0.01
-0.013
-0.033
-0.043
-0.05
-0.033
-0.068
-0.085
-0.072
-0.068
-0.072
-0.08
-0.09
-0.085
-0.083
-0.065
-0.08
-0.072
-0.075
-0.09
-0.077
-0.072
-0.07
-0.075
-0.08
-0.075
-0.1
-0.065
-0.052
-0.055
-0.065
-0.062
-0.055
-0.05
-0.08
-0.085
-0.08
-0.08
-0.095
-0.085
-0.075
-0.08
-0.09
-0.09
-0.085
-0.092
-0.09
-0.105
-0.095
-0.083
-0.107
-0.115
-0.1
-0.1
-0.105
-0.11
-0.092
-0.098
-0.105
-0.098
-0.095
-0.08
-0.092
-0.102
-0.08
-0.095
-0.105
-0.092
-0.083
-0.1
-0.083
-0.085
-0.075
-0.075
-0.092
-0.09
-0.07
-0.08
-0.092
-0.092
-0.07
-0.085
-0.083
-0.095
-0.08
-0.075
-0.092
-0.085
-0.075
-0.08
-0.075
-0.08
-0.055
-0.045
-0.055
-0.065
-0.043
-0.055
-0.035
-0.033
0.013
-0.003
-0.005
-0.003
-0.003
-0.02
-0.052
-0.043
-0.065
-0.058
-0.087
-0.11
-0.11
-0.1
-0.115
-0.105
-0.095
-0.105
-0.125
-0.122
-0.16
-0.19
-0.323
-0.49
-0.56
-0.552
-0.385
-0.09
0.378
0.938
1.323
1.343
1.202
1.048
0.823
0.542
0.338
0.163
0.025
-0.037
-0.075
-0.092
-0.125
-0.165
-0.168
-0.188
-0.163
-0.182
-0.19
-0.175
-0.177
-0.188
-0.193
-0.188
-0.203
-0.19
-0.19
-0.18
-0.205
-0.2
-0.215
-0.205
-0.21
-0.207
-0.203
-0.205
-0.215
-0.217
-0.205
-0.217
-0.215
-0.22
-0.207
-0.193
-0.203
-0.203
-0.215
-0.21
-0.21
-0.207
-0.215
-0.21
-0.21
-0.19
-0.185
-0.16
-0.155
-0.147
-0.135
-0.125
-0.115
-0.11
-0.092
-0.075
-0.075
-0.052
-0.043
-0.03
-0.03
-0.03
-0.033
-0.037
-0.043
-0.075
-0.065
-0.07
-0.092
-0.1
-0.092
-0.125
-0.122
-0.125
-0.14
-0.125
-0.122
-0.11
-0.133
-0.115
-0.128
-0.128
-0.15
-0.145
-0.122
-0.135
-0.138
-0.135
-0.135
-0.133
-0.135
-0.138
-0.135
-0.13
-0.145
-0.145
-0.135
-0.13
-0.145
-0.142
-0.14
-0.14
-0.152
-0.138
-0.135
-0.138
-0.155
-0.152
-0.135
-0.147
-0.16
-0.17
-0.158
-0.165
-0.165
-0.165
-0.155
-0.122
-0.122
-0.13
-0.122
-0.145
-0.147
-0.145
-0.142
-0.122
-0.142
-0.145
-0.14
-0.14
-0.135
-0.135
-0.122
-0.125
-0.133
-0.133
-0.145
-0.125
-0.133
-0.135
-0.133
-0.122
-0.128
-0.135
-0.135
-0.128
-0.102
-0.12
-0.115
-0.11
-0.105
-0.115
-0.125
-0.122
-0.117
-0.122
-0.135
-0.122
-0.12
-0.105
-0.062
-0.068
-0.1
-0.102
-0.102
-0.068
-0.043
-0.05
-0.045
-0.048
-0.035
-0.025
-0.035
-0.062
-0.062
-0.092
-0.102
-0.11
-0.11
-0.133
-0.133
-0.142
-0.145
-0.14
-0.147
-0.15
-0.135
-0.145
-0.2
-0.263
-0.388
-0.535
-0.62
-0.583
-0.375
-0.08
0.388
0.938
1.317
1.333
1.2
1.048
0.828
0.583
0.347
0.16
0.037
-0.025
-0.1
-0.145
-0.172
-0.19
-0.193
-0.215
-0.217
-0.207
-0.223
-0.223
-0.223
-0.225
-0.235
-0.228
-0.23
-0.23
-0.233
-0.235
-0.24
-0.235
-0.225
-0.24
-0.25
-0.24
-0.24
-0.24
-0.268
-0.223
-0.225
-0.225
-0.23
-0.215
-0.223
-0.25
-0.24
-0.235
-0.228
-0.228
-0.265
-0.265
-0.258
-0.258
-0.255
-0.237
-0.233
-0.22
-0.223
-0.19
-0.188
-0.19
-0.175
-0.152
-0.147
-0.138
-0.125
-0.102
-0.098
-0.077
-0.08
-0.072
-0.08
-0.105
-0.115
-0.115
-0.142
-0.145
-0.152
-0.152
-0.155
-0.16
-0.155
-0.175
-0.185
-0.185
-0.182
-0.19
-0.188
-0.203
-0.19
-0.193
-0.185
-0.2
-0.19
-0.188
-0.193
-0.205
-0.217
-0.205
-0.195
-0.203
-0.22
-0.193
-0.185
-0.205
-0.21
-0.205
-0.19
-0.203
-0.21
-0.195
-0.195
-0.2
-0.205
-0.22
-0.21
-0.217
-0.228
-0.225
-0.207
-0.205
-0.225
-0.223
-0.21
-0.212
-0.225
-0.207
-0.215
-0.21
-0.223
-0.22
-0.217
-0.215
-0.22
-0.2
-0.193
-0.203
-0.205
-0.203
-0.203
-0.22
-0.225
-0.215
-0.21
-0.205
-0.225
-0.205
-0.21
-0.22
-0.21
-0.21
-0.21
-0.215
-0.215
-0.225
-0.212
-0.215
-0.228
-0.195
-0.203
-0.188
-0.195
-0.188
-0.177
-0.205
-0.203
-0.193
-0.175
-0.155
-0.16
-0.145
-0.16
-0.142
-0.122
-0.128
-0.102
-0.11
-0.09
-0.11
-0.122
-0.117
-0.14
-0.16
-0.172
-0.172
-0.188
-0.2
-0.195
-0.203
-0.19
-0.205
-0.215
-0.217
-0.207
-0.228
-0.242
-0.29
-0.398
-0.545
-0.652
-0.65
-0.48
-0.195
0.188
0.728
1.202
1.298
1.18
1.042
0.848
0.583
0.323
0.125
0.005
-0.09
-0.16
-0.188
-0.2
-0.207
-0.233
-0.247
-0.26
-0.26
-0.275
-0.273
-0.287
-0.285
-0.287
-0.29
-0.275
-0.268
-0.278
-0.29
-0.287
-0.27
-0.285
-0.292
-0.285
-0.275
-0.275
-0.282
-0.282
-0.3
-0.3
-0.3
-0.3
-0.3
-0.295
-0.295
-0.297
-0.287
-0.305
-0.307
-0.292
-0.287
-0.287
-0.285
-0.287
-0.273
-0.275
-0.265
-0.265
-0.255
-0.235
-0.235
-0.22
-0.195
-0.18
-0.185
-0.16
-0.155
-0.142
-0.145
-0.135
-0.13
-0.133
-0.152
-0.168
-0.16
-0.175
-0.193
-0.193
-0.205
-0.223
-0.24
-0.23
-0.225
-0.235
-0.245
-0.245
-0.24
-0.24
-0.26
-0.245
-0.23
-0.24
-0.24
-0.247
-0.24
-0.233
-0.247
-0.25
-0.233
-0.25
-0.247
-0.247
-0.255
-0.253
-0.258
-0.26
-0.247
-0.268
-0.273
-0.265
-0.27
-0.263
-0.278
-0.268
-0.27
-0.275
-0.278
-0.265
-0.275
-0.27
-0.273
-0.265
-0.26
-0.265
-0.275
-0.253
-0.255
-0.26
-0.265
-0.265
-0.245
-0.25
-0.245
-0.247
-0.24
-0.265
-0.258
-0.225
-0.215
-0.235
-0.223
-0.223
-0.207
-0.23
-0.23
-0.225
-0.217
-0.217
-0.21
-0.203
-0.207
-0.22
-0.217
-0.205
-0.21
-0.205
-0.225
-0.195
-0.195
-0.21
-0.215
-0.21
-0.195
-0.21
-0.21
-0.21
-0.19
-0.19
-0.177
-0.16
-0.155
-0.155
-0.15
-0.125
-0.122
-0.13
-0.14
-0.152
-0.16
-0.175
-0.188
-0.203
-0.205
-0.212
-0.223
-0.22
-0.212
-0.225
-0.225
-0.215
-0.215
-0.242
-0.27
-0.38
-0.517
-0.632
-0.637
-0.48
-0.203
0.175
0.662
1.153
1.317
1.173
1.042
0.853
0.618
0.347
0.117
-0.003
-0.068
-0.133
-0.165
-0.185
-0.203
-0.22
-0.24
-0.235
-0.215
-0.217
-0.27
-0.245
-0.22
-0.235
-0.245
-0.263
-0.235
-0.228
-0.22
-0.235
-0.24
-0.235
-0.21
-0.23
-0.225
-0.225
-0.233
-0.23
-0.225
-0.217
-0.235
-0.203
-0.21
-0.195
-0.21
-0.205
-0.207
-0.212
-0.193
-0.203
-0.188
-0.175
-0.182
-0.195
-0.16
-0.147
-0.145
-0.135
-0.125
-0.107
-0.1
-0.14
-0.105
-0.102
-0.08
-0.075
-0.062
-0.035
-0.02
-0.028
-0.022
-0.018
-0.037
-0.062
-0.035
-0.048
-0.062
-0.07
-0.098
-0.08
-0.08
-0.107
-0.105
-0.085
-0.095
-0.105
-0.095
-0.09
-0.1
-0.105
-0.105
-0.11
-0.105
-0.113
-0.1
-0.095
-0.102
-0.12
-0.095
-0.092
-0.102
-0.102
-0.125
-0.095
-0.085
-0.105
-0.09
-0.105
-0.075
-0.105
-0.087
-0.092
-0.095
-0.092
-0.095
-0.09
-0.085
-0.092
-0.072
-0.075
-0.08
-0.095
-0.085
-0.09
-0.095
-0.105
-0.107
-0.107
-0.102
-0.1
-0.115
-0.107
-0.11
-0.107
-0.105
-0.11
-0.1
-0.085
-0.095
-0.105
-0.095
-0.102
-0.113
-0.095
-0.092
-0.095
-0.102
-0.102
-0.1
-0.102
-0.102
-0.095
-0.095
-0.085
-0.095
-0.105
-0.1
-0.09
-0.077
-0.085
-0.095
-0.08
-0.083
-0.09
-0.08
-0.065
-0.065
-0.085
-0.077
-0.05
-0.05
-0.052
-0.045
-0.045
-0.05
-0.043
-0.022
0.005
0.018
0.005
0.018
0.015
0.025
-0.005
-0.02
-0.025
-0.035
-0.05
-0.06
-0.055
-0.065
-0.075
-0.08
-0.068
-0.068
-0.075
-0.087
-0.065
-0.105
-0.13
-0.235
-0.365
-0.48
-0.52
-0.4
-0.142
0.215
0.735
1.262
1.478
1.377
1.228
1.028
0.802
0.547
0.343
0.185
0.095
0.035
-0.003
-0.05
-0.058
-0.072
-0.098
-0.105
-0.102
-0.102
-0.13
-0.125
-0.11
-0.117
-0.13
-0.122
-0.115
-0.115
-0.122
-0.133
-0.117
-0.115
-0.125
-0.122
-0.113
-0.1
-0.125
-0.133
-0.117
-0.115
-0.13
-0.117
-0.113
-0.135
-0.125
-0.128
-0.122
-0.113
-0.107
-0.122
-0.105
-0.113
-0.105
-0.08
-0.07
-0.08
-0.072
-0.05
-0.052
-0.028
-0.02
-0.003
0.007
0.025
0.025
0.045
0.07
0.08
0.085
0.085
0.087
0.095
0.077
0.062
0.062
0.035
0.035
0.035
0.025
0.015
0.013
0.01
0.01
-0.003
-0.013
-0.007
0.007
0.043
0.007
0.028
0.03
-0.003
-0.003
0.005
0
-0.003
-0.003
-0.003
-0.015
-0.005
0.015
0.013
0.018
0.033
0.025
0.018
-0.003
-0.005
-0.005
-0.02
0.005
0.005
-0.003
-0.003
-0.005
-0.003
-0.01
-0.013
-0.01
-0.01
-0.003
-0.02
-0.005
-0.003
-0.003
-0.013
-0.003
0.005
0.007
-0.003
-0.005
0.003
-0.003
-0.015
-0.003
0
-0.003
-0.025
-0.022
-0.003
-0.005
-0.015
-0.005
0.005
-0.003
-0.01
-0.015
-0.003
-0.003
-0.005
0.005
0.005
0.013
0.007
-0.007
-0.003
-0.015
-0.005
-0.003
-0.003
0.005
-0.015
-0.003
-0.003
0.015
0.02
0.007
0.013
0.028
0.005
-0.003
0.033
0.033
0.048
0.037
0.045
0.055
0.065
0.07
0.08
0.092
0.1
0.098
0.107
0.107
0.087
0.055
0.052
0.048
0.022
0.025
0.01
0.005
-0.003
-0.01
-0.022
-0.013
-0.007
-0.013
-0.022
-0.028
-0.058
-0.115
-0.255
-0.385
-0.468
-0.427
-0.223
0.098
0.588
1.137
1.462
1.442
1.312
1.135
0.885
0.627
0.407
0.247
0.135
0.095
0.035
0.005
-0.022
-0.035
-0.052
-0.08
-0.075
-0.075
-0.07
-0.083
-0.083
-0.085
-0.08
-0.087
-0.085
-0.09
-0.077
-0.092
-0.095
-0.095
-0.095
-0.092
-0.075
-0.068
-0.072
-0.07
-0.072
-0.08
-0.062
-0.075
-0.075
-0.065
-0.102
-0.095
-0.113
-0.092
-0.09
-0.095
-0.077
-0.072
-0.065
-0.065
-0.045
-0.04
-0.035
-0.022
-0.03
-0.003
0.013
0.018
0.035
0.045
0.065
0.065
0.075
0.087
0.105
0.107
0.117
0.09
0.083
0.072
0.065
0.055
0.028
0.025
0.025
0.028
0.015
0.007
-0.003
0.01
0.018
0.007
0.007
0.022
0.015
0.01
0.015
0.01
0.013
0.015
-0.013
-0.003
0.018
0.003
-0.003
0.028
0.04
0.007
0.015
0.02
0.022
0.007
-0.003
0.01
0.018
0.007
0.005
0.033
0.015
0.01
0.018
0.015
0.015
0.007
0.01
0.007
0.015
-0.003
-0.003
0.005
0.007
0.005
0.007
0.025
0.018
0.01
0.01
0.013
0.013
0.01
-0.003
0.018
0.025
0.013
0.01
0.022
0.028
0.01
0.013
0.018
0.028
0.018
0.015
0.03
0.025
0.018
0.005
0.015
0.01
0.018
-0.003
0.025
0.028
0.01
0.007
-0.003
0.005
0.015
0.015
0.007
0.033
0.033
0.007
0.005
0.015
-0.003
0.018
0.013
0.028
0.048
0.045
0.037
0.045
0.048
0.058
0.068
0.09
0.095
0.1
0.105
0.113
0.11
0.08
0.085
0.06
0.065
0.035
0.043
0.018
0.01
0.015
0.007
0.013
0.015
0.015
-0.003
0.007
-0.005
-0.05
-0.098
-0.185
-0.325
-0.443
-0.448
-0.295
-0.043
0.367
0.863
1.343
1.482
1.367
1.228
1.062
0.82
0.583
0.378
0.235
0.147
0.085
0.035
-0.01
-0.015
-0.043
-0.048
-0.06
-0.05
-0.055
-0.075
-0.075
-0.062
-0.075
-0.085
-0.068
-0.065
-0.085
-0.095
-0.102
-0.085
-0.095
-0.092
-0.1
-0.092
-0.087
-0.087
-0.115
-0.095
-0.095
-0.095
-0.095
-0.095
-0.072
-0.085
-0.105
-0.098
-0.092
-0.098
-0.1
-0.087
-0.085
-0.092
-0.102
-0.085
-0.068
-0.055
-0.062
-0.05
-0.035
-0.015
-0.015
-0.013
0
0.01
0.018
0.025
0.06
0.068
0.045
0.065
0.068
0.06
0.048
0.043
0.035
0.022
0.005
0.005
-0.003
-0.003
-0.02
-0.015
-0.022
-0.022
-0.03
-0.025
-0.022
-0.018
-0.025
-0.028
-0.02
-0.035
-0.025
-0.043
-0.025
-0.022
-0.015
-0.033
-0.03
-0.01
-0.003
-0.03
-0.035
-0.035
-0.022
-0.025
-0.025
-0.018
-0.02
-0.025
-0.033
-0.013
-0.015
-0.033
-0.04
-0.025
-0.022
-0.03
-0.033
-0.04
-0.035
-0.043
-0.05
-0.035
-0.045
-0.05
-0.045
-0.037
-0.037
-0.033
-0.048
-0.052
-0.033
-0.035
-0.04
-0.035
-0.018
-0.02
-0.013
-0.033
-0.035
-0.035
-0.035
-0.035
-0.03
-0.035
-0.033
-0.028
-0.025
-0.033
-0.033
-0.025
-0.03
-0.037
-0.033
-0.025
-0.025
-0.025
-0.045
-0.025
-0.013
-0.025
-0.035
-0.043
-0.02
-0.02
-0.025
-0.022
-0.022
-0.02
-0.013
0.04
0.035
0.022
0.018
0.02
0.048
0.052
0.055
0.055
0.075
0.065
0.05
0.035
0.018
-0.01
-0.022
-0.04
-0.043
-0.045
-0.052
-0.055
-0.045
-0.03
-0.05
-0.043
-0.045
-0.05
-0.07
-0.095
-0.155
-0.295
-0.425
-0.505
-0.443
-0.245
0.083
0.502
1.062
1.365
1.315
1.192
1.04
0.828
0.557
0.333
0.185
0.06
-0.007
-0.058
-0.068
-0.087
-0.085
-0.09
-0.08
-0.095
-0.122
-0.11
-0.105
-0.125
-0.125
-0.122
-0.128
-0.12
-0.138
-0.142
-0.135
-0.122
-0.135
-0.135
-0.128
-0.133
-0.155
-0.147
-0.145
-0.152
-0.145
-0.142
-0.145
-0.135
-0.14
-0.142
-0.135
-0.128
-0.13
-0.142
-0.145
-0.135
-0.135
-0.125
-0.12
-0.105
-0.11
-0.12
-0.098
-0.095
-0.08
-0.065
-0.055
-0.035
-0.033
-0.035
-0.02
-0.01
-0.003
0.02
0.025
0.01
-0.003
-0.015
-0.003
-0.02
-0.035
-0.05
-0.045
-0.052
-0.06
-0.068
-0.07
-0.075
-0.092
-0.095
-0.07
-0.083
-0.095
-0.105
-0.1
-0.08
-0.102
-0.085
-0.072
-0.065
-0.07
-0.085
-0.092
-0.075
-0.06
-0.07
-0.08
-0.08
-0.105
-0.113
-0.105
-0.08
-0.085
-0.1
-0.09
-0.092
-0.105
-0.102
-0.11
-0.092
-0.095
-0.11
-0.117
-0.105
-0.102
-0.095
-0.098
-0.102
-0.107
-0.113
-0.12
-0.105
-0.098
-0.095
-0.1
-0.105
-0.095
-0.098
-0.095
-0.09
-0.092
-0.092
-0.095
-0.085
-0.085
-0.083
-0.105
-0.085
-0.075
-0.072
-0.085
-0.095
-0.085
-0.092
-0.092
-0.095
-0.08
-0.087
-0.092
-0.085
-0.1
-0.09
-0.075
-0.087
-0.08
-0.085
-0.092
-0.095
-0.09
-0.08
-0.095
-0.095
-0.08
-0.072
-0.068
-0.065
-0.048
-0.055
-0.043
-0.055
-0.03
-0.013
-0.005
0.015
0.015
0.01
0.015
-0.01
-0.005
-0.022
-0.045
-0.055
-0.062
-0.06
-0.08
-0.087
-0.08
-0.092
-0.08
-0.068
-0.068
-0.075
-0.08
-0.105
-0.185
-0.333
-0.455
-0.492
-0.398
-0.17
0.155
0.608
1.14
1.407
1.337
1.175
1.018
0.792
0.527
0.292
0.165
0.085
0.015
-0.013
-0.037
-0.045
-0.072
-0.08
-0.092
-0.085
-0.105
-0.113
-0.125
-0.095
-0.113
-0.105
-0.105
-0.085
-0.077
-0.098
-0.09
-0.09
-0.095
-0.095
-0.085
-0.087
-0.113
-0.115
-0.105
-0.095
-0.125
-0.125
-0.107
-0.095
-0.102
-0.113
-0.102
-0.1
-0.11
-0.11
-0.095
-0.08
-0.085
-0.08
-0.075
-0.052
-0.052
-0.035
-0.025
-0.018
-0.013
-0.003
-0.003
0.033
0.015
0.025
0.055
0.048
0.065
0.08
0.085
0.092
0.075
0.043
0.048
0.045
0.028
0.015
0.018
0.015
0.01
-0.003
-0.005
0.005
-0.003
-0.01
-0.013
0.005
-0.015
-0.015
-0.003
-0.003
-0.01
-0.015
-0.01
-0.003
-0.015
-0.03
-0.015
-0.015
-0.015
-0.025
-0.015
-0.007
-0.013
-0.013
-0.022
-0.015
-0.005
-0.025
-0.02
-0.013
-0.015
-0.025
-0.035
-0.033
-0.015
-0.025
-0.025
-0.02
-0.013
-0.03
-0.033
-0.028
-0.025
-0.015
-0.05
-0.025
-0.025
-0.035
-0.022
-0.037
-0.015
-0.025
-0.03
-0.04
-0.022
-0.033
-0.043
-0.043
-0.028
-0.022
-0.025
-0.043
-0.035
-0.035
-0.028
-0.033
-0.025
-0.015
-0.03
-0.03
-0.03
-0.015
-0.022
-0.025
-0.035
-0.035
-0.043
-0.045
-0.03
-0.022
-0.022
-0.03
-0.025
-0.015
-0.013
-0.015
-0.02
-0.015
-0.025
-0.025
-0.025
-0.025
-0.003
-0.02
-0.015
0.005
0.01
0.01
0.015
0.015
0.025
0.025
0.043
0.06
0.075
0.075
0.06
0.068
0.058
0.035
0.03
0.022
0.007
-0.005
-0.02
-0.03
-0.025
-0.033
-0.022
-0.03
-0.028
-0.043
-0.06
-0.062
-0.052
-0.115
-0.21
-0.35
-0.468
-0.527
-0.432
-0.185
0.182
0.688
1.202
1.455
1.403
1.258
1.073
0.838
0.605
0.393
0.235
0.125
0.075
-0.003
-0.03
-0.043
-0.05
-0.06
-0.092
-0.092
-0.08
-0.1
-0.117
-0.113
-0.105
-0.102
-0.102
-0.125
-0.1
-0.115
-0.11
-0.122
-0.087
-0.085
-0.09
-0.102
-0.095
-0.085
-0.105
-0.117
-0.087
-0.083
-0.095
-0.105
-0.105
-0.092
-0.095
-0.105
-0.11
-0.1
-0.087
-0.095
-0.095
-0.085
-0.075
-0.085
-0.092
-0.08
-0.062
-0.055
-0.052
-0.068
-0.043
-0.045
-0.033
-0.025
0.005
-0.005
0.005
0.025
0.028
0.05
0.037
0.045
0.052
0.043
0.02
0.015
0.015
0.007
-0.015
-0.035
-0.02
-0.025
-0.048
-0.043
-0.052
-0.068
-0.062
-0.068
-0.052
-0.062
-0.062
-0.062
-0.062
-0.055
-0.07
-0.062
-0.06
-0.06
-0.06
-0.055
-0.052
-0.055
-0.075
-0.083
-0.065
-0.052
-0.062
-0.072
-0.052
-0.062
-0.062
-0.068
-0.068
-0.072
-0.08
-0.075
-0.06
-0.062
-0.07
-0.085
-0.065
-0.065
-0.095
-0.098
-0.075
-0.075
-0.09
-0.075
-0.075
-0.08
-0.075
-0.09
-0.075
-0.095
-0.105
-0.102
-0.075
-0.08
-0.092
-0.102
-0.095
-0.08
-0.095
-0.085
-0.085
-0.08
-0.09
-0.08
-0.075
-0.085
-0.095
-0.1
-0.092
-0.102
-0.095
-0.095
-0.085
-0.08
-0.077
-0.075
-0.065
-0.06
-0.062
-0.062
-0.062
-0.075
-0.075
-0.075
-0.072
-0.06
-0.065
-0.065
-0.062
-0.045
-0.052
-0.062
-0.055
-0.035
-0.035
-0.022
-0.025
-0.025
-0.02
-0.013
-0.005
0.022
0.015
0.033
0.028
0.028
0.02
0.005
-0.003
-0.013
-0.035
-0.03
-0.048
-0.055
-0.062
-0.07
-0.062
-0.06
-0.06
-0.06
-0.065
-0.07
-0.105
-0.17
-0.302
-0.445
-0.525
-0.505
-0.32
-0.02
0.415
0.983
1.373
1.427
1.288
1.147
0.943
0.682
0.458
0.278
0.147
0.077
-0.003
-0.045
-0.055
-0.08
-0.095
-0.105
-0.113
-0.117
-0.122
-0.135
-0.115
-0.122
-0.125
-0.125
-0.122
-0.125
-0.125
-0.133
-0.13
-0.133
-0.115
-0.135
-0.135
-0.125
-0.128
-0.117
-0.125
-0.113
-0.122
-0.13
-0.145
-0.125
-0.13
-0.125
-0.13
-0.087
-0.1
-0.1
-0.095
-0.092
-0.085
-0.07
-0.075
-0.11
-0.095
-0.08
-0.075
-0.045
-0.045
-0.033
-0.035
-0.005
0.013
0.005
0.013
0.025
0.045
0.058
0.06
0.058
0.065
0.06
0.052
0.043
0.035
0.025
-0.003
0.003
0.018
-0.005
-0.003
-0.018
0.003
-0.003
-0.022
-0.02
-0.015
-0.02
-0.03
-0.025
-0.022
-0.035
-0.037
-0.03
-0.02
-0.01
-0.028
-0.02
-0.025
-0.015
-0.025
-0.043
-0.022
-0.025
-0.025
-0.035
-0.022
-0.01
-0.025
-0.03
-0.022
-0.028
-0.025
-0.035
-0.033
-0.025
-0.033
-0.035
-0.02
-0.025
-0.03
-0.045
-0.03
-0.02
-0.033
-0.035
-0.033
-0.035
-0.033
-0.037
-0.043
-0.045
-0.045
-0.037
-0.043
-0.043
-0.07
-0.045
-0.043
-0.025
-0.033
-0.025
-0.043
-0.028
-0.043
-0.037
-0.033
-0.022
-0.033
-0.037
-0.015
-0.03
-0.025
-0.045
-0.025
-0.015
-0.033
-0.035
-0.015
-0.013
-0.025
-0.028
-0.022
-0.025
-0.035
-0.022
-0.03
-0.03
-0.02
-0.05
-0.033
-0.015
-0.03
-0.035
-0.043
-0.04
-0.04
-0.022
-0.02
-0.003
-0.003
-0.013
-0.013
0.018
0.02
0.018
0.048
0.058
0.068
0.055
0.052
0.058
0.025
0.015
-0.003
-0.01
-0.03
-0.035
-0.035
-0.037
-0.045
-0.045
-0.055
-0.062
-0.055
-0.043
-0.072
-0.102
-0.17
-0.315
-0.465
-0.525
-0.475
-0.268
0.058
0.522
1.085
1.423
1.407
1.278
1.115
0.882
0.613
0.407
0.23
0.115
0.045
-0.003
-0.025
-0.065
-0.08
-0.105
-0.11
-0.113
-0.122
-0.11
-0.122
-0.14
-0.135
-0.13
-0.14
-0.142
-0.15
-0.13
-0.142
-0.155
-0.145
-0.125
-0.135
-0.13
-0.15
-0.135
-0.155
-0.145
-0.145
-0.13
-0.11
-0.117
-0.125
-0.122
-0.145
-0.17
-0.155
-0.14
-0.12
-0.15
-0.135
-0.135
-0.125
-0.135
-0.115
-0.105
-0.102
-0.105
-0.08
-0.055
-0.055
-0.06
-0.035
-0.035
-0.022
-0.013
0.005
0.015
0.035
0.035
0.035
0.035
0.028
0.035
0.028
-0.013
0.022
-0.003
-0.005
-0.013
-0.005
-0.005
-0.015
-0.025
-0.025
-0.02
-0.033
-0.04
-0.035
-0.035
-0.043
-0.048
-0.035
-0.045
-0.035
-0.033
-0.05
-0.045
-0.045
-0.04
-0.035
-0.03
-0.043
-0.043
-0.035
-0.035
-0.043
-0.043
-0.03
-0.025
-0.04
-0.052
-0.045
-0.05
-0.05
-0.058
-0.045
-0.035
-0.048
-0.06
-0.045
-0.045
-0.045
-0.045
-0.075
-0.072
-0.08
-0.08
-0.077
-0.07
-0.085
-0.092
-0.07
-0.075
-0.08
-0.075
-0.08
-0.07
-0.075
-0.08
-0.08
-0.075
-0.075
-0.08
-0.083
-0.077
-0.07
-0.085
-0.09
-0.075
-0.075
-0.092
-0.065
-0.065
-0.058
-0.072
-0.06
-0.06
-0.06
-0.072
-0.083
-0.055
-0.062
-0.065
-0.077
-0.072
-0.08
-0.08
-0.085
-0.09
-0.077
-0.075
-0.095
-0.072
-0.06
-0.045
-0.06
-0.045
-0.037
-0.043
-0.037
-0.025
-0.003
0.015
0.01
0.005
0.007
-0.003
-0.022
-0.048
-0.05
-0.06
-0.087
-0.087
-0.092
-0.08
-0.142
-0.128
-0.125
-0.115
-0.13
-0.145
-0.122
-0.14
-0.193
-0.302
-0.44
-0.555
-0.568
-0.438
-0.17
0.203
0.703
1.205
1.345
1.242
1.103
0.927
0.662
0.422
0.228
0.085
0.02
-0.035
-0.092
-0.113
-0.128
-0.117
-0.15
-0.16
-0.175
-0.165
-0.165
-0.17
-0.18
-0.175
-0.175
-0.193
-0.182
-0.19
-0.185
-0.182
-0.19
-0.175
-0.185
-0.182
-0.18
-0.175
-0.175
-0.172
-0.182
-0.18
-0.182
-0.19
-0.193
-0.193
-0.185
-0.193
-0.19
-0.18
-0.177
-0.175
-0.165
-0.163
-0.152
-0.19
-0.17
-0.165
-0.142
-0.155
-0.145
-0.125
-0.125
-0.092
-0.085
-0.065
-0.06
-0.052
-0.055
-0.033
-0.03
-0.005
-0.015
-0.022
-0.028
-0.035
-0.072
-0.072
-0.072
-0.077
-0.043
-0.05
-0.062
-0.083
-0.085
-0.08
-0.077
-0.08
-0.07
-0.055
-0.065
-0.065
-0.065
-0.072
-0.062
-0.065
-0.08
-0.072
-0.055
-0.065
-0.075
-0.062
-0.06
-0.077
-0.085
-0.07
-0.058
-0.065
-0.055
-0.068
-0.065
-0.07
-0.07
-0.072
-0.065
-0.068
-0.077
-0.058
-0.077
-0.087
-0.102
-0.08
-0.083
-0.077
-0.09
-0.102
-0.09
-0.08
-0.085
-0.085
-0.075
-0.072
-0.08
-0.08
-0.065
-0.07
-0.065
-0.065
-0.065
-0.055
-0.07
-0.07
-0.06
-0.08
-0.087
-0.08
-0.055
-0.055
-0.055
-0.062
-0.062
-0.025
-0.045
-0.043
-0.028
-0.02
-0.035
-0.037
-0.025
-0.025
-0.035
-0.045
-0.03
-0.028
-0.035
-0.07
-0.05
-0.043
-0.065
-0.055
-0.05
-0.035
-0.025
-0.033
-0.022
-0.025
-0.005
-0.005
0.035
0.03
0.045
0.048
0.065
0.072
0.058
0.037
0.005
-0.003
-0.005
-0.033
-0.02
-0.035
-0.04
-0.045
-0.03
-0.022
0.005
-0.015
-0.03
-0.015
-0.055
-0.12
-0.193
-0.323
-0.448
-0.472
-0.345
-0.087
0.275
0.767
1.288
1.522
1.438
1.295
1.123
0.868
0.627
0.403
0.255
0.158
0.08
0.028
-0.003
-0.005
-0.04
-0.045
-0.055
-0.07
-0.06
-0.062
-0.092
-0.072
-0.065
-0.075
-0.08
-0.077
-0.08
-0.065
-0.09
-0.08
-0.075
-0.062
-0.085
-0.087
-0.085
-0.085
-0.08
-0.105
-0.062
-0.08
-0.083
-0.11
-0.105
-0.085
-0.095
-0.087
-0.09
-0.092
-0.1
-0.105
-0.098
-0.075
-0.085
-0.085
-0.062
-0.065
-0.048
-0.052
-0.035
-0.013
-0.005
-0.013
-0.005
0.048
0.028
0.048
0.06
0.08
0.068
0.083
0.065
0.085
0.052
0.077
0.058
0.037
0.025
0.015
0.015
0.015
0.018
-0.005
0.007
0.007
0.005
0.005
-0.015
0.007
-0.005
-0.005
-0.013
-0.003
-0.025
-0.015
-0.005
-0.013
-0.015
-0.03
-0.03
-0.025
-0.025
-0.05
-0.055
-0.033
-0.043
-0.04
-0.04
-0.02
-0.033
-0.052
-0.025
-0.003
-0.003
-0.06
-0.048
-0.045
-0.043
-0.048
-0.045
-0.028
-0.033
-0.045
-0.033
-0.02
-0.04
-0.045
-0.025
-0.035
-0.035
-0.04
-0.033
-0.035
-0.045
-0.055
-0.045
-0.045
-0.05
-0.05
-0.043
-0.035
-0.048
-0.052
-0.043
-0.035
-0.035
-0.043
-0.03
-0.025
-0.035
-0.025
-0.02
-0.022
-0.025
-0.03
-0.033
-0.013
-0.03
-0.028
-0.028
-0.02
-0.025
-0.025
-0.025
-0.013
-0.015
-0.015
-0.003
-0.003
0.005
-0.013
-0.015
0.007
-0.003
-0.02
-0.015
-0.003
-0.005
0.005
0.018
0.015
0.015
0.015
0.028
0.052
0.075
0.065
0.1
0.1
0.098
0.072
0.068
0.068
0.05
0.035
0.02
0.02
0.005
-0.02
-0.025
-0.025
-0.022
-0.018
-0.02
-0.015
-0.015
-0.052
-0.085
-0.138
-0.273
-0.432
-0.497
-0.425
-0.235
0.068
0.527
1.093
1.458
1.468
1.323
1.183
0.963
0.698
0.482
0.297
0.185
0.107
0.04
0.005
-0.003
-0.028
-0.068
-0.065
-0.075
-0.08
-0.102
-0.085
-0.09
-0.09
-0.1
-0.105
-0.1
-0.1
-0.11
-0.125
-0.117
-0.105
-0.115
-0.107
-0.11
-0.098
-0.125
-0.117
-0.113
-0.105
-0.11
-0.1
-0.11
-0.098
-0.11
-0.105
-0.11
-0.105
-0.11
-0.125
-0.115
-0.11
-0.115
-0.115
-0.105
-0.095
-0.075
-0.072
-0.07
-0.062
-0.05
-0.037
-0.035
-0.007
-0.003
-0.003
0.013
0.037
0.033
0.045
0.045
0.08
0.065
0.06
0.048
0.055
0.04
0.025
0.01
-0.003
-0.003
-0.025
-0.035
-0.033
-0.033
-0.035
-0.035
-0.03
-0.025
-0.04
-0.025
-0.035
-0.043
-0.043
-0.055
-0.043
-0.037
-0.037
-0.037
-0.028
-0.035
-0.035
-0.05
-0.045
-0.045
-0.065
-0.06
-0.052
-0.055
-0.05
-0.065
-0.055
-0.048
-0.052
-0.055
-0.055
-0.048
-0.065
-0.06
-0.06
-0.055
-0.058
-0.07
-0.062
-0.072
-0.055
-0.07
-0.06
-0.05
-0.058
-0.06
-0.06
-0.052
-0.062
-0.07
-0.052
-0.05
-0.065
-0.07
-0.065
-0.065
-0.075
-0.068
-0.07
-0.055
-0.055
-0.062
-0.065
-0.055
-0.035
-0.045
-0.052
-0.055
-0.045
-0.052
-0.06
-0.045
-0.04
-0.052
-0.048
-0.055
-0.043
-0.055
-0.068
-0.062
-0.035
-0.048
-0.052
-0.062
-0.043
-0.045
-0.05
-0.062
-0.055
-0.065
-0.07
-0.065
-0.055
-0.06
-0.055
-0.055
-0.035
-0.01
-0.03
-0.035
-0.022
-0.01
-0.01
0.018
0.022
0.035
0.037
0.035
0.048
0.048
0.025
-0.003
-0.005
-0.005
-0.025
-0.052
-0.05
-0.05
-0.06
-0.065
-0.065
-0.06
-0.065
-0.068
-0.09
-0.095
-0.133
-0.253
-0.4
-0.497
-0.51
-0.367
-0.092
0.352
0.887
1.308
1.38
1.278
1.143
0.927
0.662
0.427
0.258
0.13
0.065
-0.003
-0.045
-0.06
-0.075
-0.092
-0.098
-0.113
-0.133
-0.12
-0.12
-0.135
-0.145
-0.135
-0.142
-0.142
-0.135
-0.13
-0.138
-0.158
-0.147
-0.15
-0.15
-0.16
-0.145
-0.142
-0.152
-0.155
-0.14
-0.15
-0.165
-0.163
-0.155
-0.152
-0.142
-0.15
-0.152
-0.142
-0.138
-0.15
-0.145
-0.133
-0.125
-0.135
-0.122
-0.102
-0.115
-0.095
-0.077
-0.065
-0.07
-0.062
-0.05
-0.043
-0.043
-0.022
-0.003
0.005
-0.003
0.01
0.007
-0.003
-0.01
-0.013
-0.015
-0.025
-0.045
-0.055
-0.045
-0.05
-0.062
-0.083
-0.087
-0.072
-0.072
-0.083
-0.07
-0.072
-0.075
-0.092
-0.08
-0.08
-0.075
-0.085
-0.092
-0.09
-0.105
-0.105
-0.11
-0.095
-0.11
-0.1
-0.105
-0.115
-0.11
-0.125
-0.11
-0.11
-0.122
-0.125
-0.125
-0.122
-0.122
-0.133
-0.145
-0.135
-0.145
-0.145
-0.145
-0.128
-0.13
-0.14
-0.135
-0.133
-0.125
-0.14
-0.147
-0.133
-0.135
-0.142
-0.142
-0.13
-0.122
-0.122
-0.14
-0.138
-0.115
-0.125
-0.14
-0.135
-0.11
-0.125
-0.135
-0.138
-0.125
-0.125
-0.135
-0.128
-0.125
-0.133
-0.138
-0.135
-0.115
-0.13
-0.13
-0.142
-0.135
-0.133
-0.135
-0.133
-0.122
-0.115
-0.122
-0.14
-0.135
-0.13
-0.145
-0.158
-0.145
-0.135
-0.135
-0.15
-0.142
-0.13
-0.135
-0.095
-0.085
-0.08
-0.085
-0.08
-0.08
-0.06
-0.052
-0.055
-0.033
-0.045
-0.045
-0.035
-0.05
-0.065
-0.075
-0.085
-0.115
-0.105
-0.133
-0.13
-0.13
-0.115
-0.133
-0.122
-0.145
-0.147
-0.155
-0.172
-0.198
-0.225
-0.37
-0.535
-0.603
-0.568
-0.378
-0.105
0.357
0.902
1.288
1.298
1.147
1.038
0.823
0.547
0.3
0.138
0.058
-0.045
-0.062
-0.11
-0.142
-0.16
-0.175
-0.168
-0.18
-0.195
-0.198
-0.185
-0.195
-0.21
-0.203
-0.195
-0.205
-0.21
-0.215
-0.203
-0.193
-0.205
-0.215
-0.205
-0.203
-0.212
-0.195
-0.2
-0.193
-0.21
-0.205
-0.19
-0.195
-0.195
-0.185
-0.185
-0.19
-0.21
-0.205
-0.21
-0.195
-0.195
-0.198
-0.185
-0.175
-0.165
-0.185
-0.158
-0.158
-0.15
-0.145
-0.122
-0.122
-0.125
-0.102
-0.098
-0.092
-0.08
-0.072
-0.035
-0.052
-0.07
-0.072
-0.075
-0.09
-0.105
-0.102
-0.107
-0.13
-0.095
-0.092
-0.11
-0.105
-0.125
-0.115
-0.115
-0.113
-0.135
-0.117
-0.122
-0.128
-0.133
-0.135
-0.13
-0.133
-0.142
-0.142
-0.122
-0.142
-0.145
-0.155
-0.142
-0.145
-0.145
-0.152
-0.135
-0.135
-0.155
-0.14
-0.147
-0.125
-0.15
-0.133
-0.145
-0.122
-0.15
-0.175
-0.172
-0.165
-0.16
-0.175
-0.168
-0.152
-0.155
-0.165
-0.17
-0.17
-0.182
-0.14
-0.145
-0.17
-0.16
-0.17
-0.18
-0.165
-0.175
-0.165
-0.17
-0.165
-0.165
-0.182
-0.177
-0.17
-0.172
-0.177
-0.182
-0.172
-0.18
-0.182
-0.185
-0.172
-0.172
-0.182
-0.19
-0.177
-0.17
-0.185
-0.182
-0.172
-0.163
-0.175
-0.175
-0.16
-0.168
-0.165
-0.185
-0.17
-0.165
-0.168
-0.172
-0.168
-0.165
-0.172
-0.168
-0.163
-0.16
-0.145
-0.15
-0.122
-0.125
-0.13
-0.133
-0.133
-0.105
-0.092
-0.075
-0.072
-0.062
-0.055
-0.09
-0.1
-0.102
-0.115
-0.135
-0.155
-0.165
-0.16
-0.155
-0.155
-0.155
-0.152
-0.15
-0.165
-0.16
-0.172
-0.17
-0.263
-0.388
-0.512
-0.56
-0.507
-0.285
0.028
0.417
0.955
1.278
1.285
1.135
0.988
0.752
0.507
0.263
0.105
0.035
-0.03
-0.058
-0.102
-0.11
-0.142
-0.133
-0.158
-0.147
-0.145
-0.152
-0.145
-0.145
-0.182
-0.15
-0.165
-0.168
-0.165
-0.172
-0.175
-0.165
-0.172
-0.158
-0.155
-0.17
-0.16
-0.163
-0.17
-0.168
-0.172
-0.16
-0.158
-0.163
-0.155
-0.147
-0.15
-0.147
-0.15
-0.135
-0.14
-0.133
-0.13
-0.125
-0.113
-0.122
-0.122
-0.102
-0.087
-0.08
-0.072
-0.055
-0.037
-0.015
-0.03
-0.022
-0.015
-0.013
0.005
0.022
0.045
0.05
0.055
0.058
0.05
0.058
0.035
0.033
0.033
0.03
0.022
-0.003
-0.003
-0.003
-0.013
-0.013
-0.005
-0.005
-0.003
-0.025
-0.015
-0.022
-0.022
-0.033
-0.025
-0.02
-0.022
-0.037
-0.02
-0.02
-0.025
-0.015
-0.025
-0.005
-0.022
-0.022
-0.033
-0.025
-0.025
-0.035
-0.015
-0.035
-0.035
-0.052
-0.035
-0.025
-0.013
-0.028
-0.005
-0.013
-0.022
-0.045
-0.033
-0.03
-0.048
-0.052
-0.06
-0.035
-0.045
-0.045
-0.045
-0.028
-0.028
-0.055
-0.055
-0.043
-0.05
-0.043
-0.055
-0.043
-0.045
-0.06
-0.055
-0.045
-0.052
-0.048
-0.045
-0.035
-0.035
-0.035
-0.033
-0.03
-0.025
-0.035
-0.018
-0.033
-0.025
-0.025
-0.037
-0.015
-0.022
-0.037
-0.018
-0.02
-0.013
-0.015
-0.005
-0.015
-0.005
-0.015
-0.005
-0.003
-0.013
-0.025
-0.005
-0.005
-0.015
-0.025
-0.015
-0.005
-0.02
-0.007
0.005
0.018
0.018
0.005
0.018
0.037
0.04
0.052
0.058
0.06
0.065
0.052
0.028
0.033
0.013
-0.01
-0.013
-0.005
-0.035
-0.045
-0.043
-0.035
-0.037
-0.022
-0.022
-0.025
-0.033
-0.055
-0.105
-0.18
-0.338
-0.46
-0.495
-0.37
-0.113
0.245
0.748
1.248
1.433
1.343
1.202
1.022
0.767
0.522
0.347
0.215
0.115
0.052
0.015
-0.013
-0.025
-0.048
-0.068
-0.075
-0.072
-0.09
-0.095
-0.072
-0.075
-0.1
-0.098
-0.095
-0.095
-0.1
-0.1
-0.09
-0.1
-0.105
-0.092
-0.11
-0.065
-0.08
-0.08
-0.072
-0.077
-0.09
-0.09
-0.075
-0.08
-0.08
-0.065
-0.065
-0.075
-0.075
-0.068
-0.065
-0.055
-0.072
-0.075
-0.055
-0.055
-0.055
-0.035
-0.025
-0.013
-0.003
0.018
-0.003
-0.003
0.018
0.028
0.03
0.043
0.068
0.075
0.098
0.085
0.095
0.065
0.065
0.055
0.035
0.035
0.033
0.025
0.007
-0.003
0.01
0.028
0.025
0.035
0.028
0.05
0.037
0.025
0.035
-0.01
-0.003
0.018
-0.003
0.005
0.007
0.022
0.02
0.018
0.018
-0.003
-0.003
-0.005
-0.003
-0.005
0.005
-0.005
-0.003
0.037
0.025
0.035
0.03
-0.003
0.005
0.01
0.018
0.01
-0.003
-0.003
0.015
0.005
-0.005
-0.003
0.015
-0.003
-0.007
0.015
0.02
0.005
0.013
0.01
0.005
0.015
-0.003
0.007
0.005
0.005
-0.003
-0.003
0.005
0.007
0.013
0.025
0.005
-0.003
-0.005
0.007
0.007
-0.003
0.005
0.025
0.01
-0.005
0.005
0.018
0.005
-0.003
0.007
0.013
0.013
0.007
-0.005
-0.003
-0.013
-0.003
-0.013
0.005
0.005
0.018
0.013
0.02
0.018
0.015
0.005
0.013
0.01
0.01
-0.003
0.01
0.02
0.037
0.037
0.045
0.045
0.05
0.055
0.068
0.085
0.08
0.098
0.105
0.098
0.075
0.075
0.068
0.045
0.028
0.025
0.005
0.007
-0.003
-0.015
-0.003
-0.003
-0.013
-0.015
-0.005
-0.025
-0.052
-0.092
-0.223
-0.372
-0.465
-0.443
-0.265
0.028
0.472
1.028
1.367
1.363
1.248
1.077
0.848
0.6
0.38
0.228
0.145
0.08
0.02
-0.005
-0.015
-0.035
-0.055
-0.055
-0.058
-0.07
-0.085
-0.085
-0.092
-0.08
-0.092
-0.102
-0.09
-0.098
-0.083
-0.075
-0.075
-0.065
-0.08
-0.062
-0.065
-0.065
-0.08
-0.075
-0.072
-0.065
-0.072
-0.075
-0.062
-0.075
-0.08
-0.075
-0.058
-0.075
-0.072
-0.077
-0.055
-0.065
-0.065
-0.05
-0.048
-0.06
-0.072
-0.043
-0.028
-0.035
-0.035
-0.013
0.005
0.03
0.035
0.045
0.062
0.068
0.065
0.08
0.095
0.095
0.087
0.085
0.085
0.062
0.045
0.045
0.055
0.043
0.028
0.018
0.018
0.02
0.022
0.007
0.005
-0.003
-0.005
-0.005
-0.003
0
0.005
0.007
0.013
0.007
0.005
-0.005
-0.003
0.01
0.025
0.028
0.06
0.095
0.115
0.135
0.228
0.357
0.46
0.537
0.598
0.557
0.297
-0.27
-0.748
-0.998
-1.048
-1.058
-1.028
-0.927
-0.728
-0.547
-0.385
-0.307
-0.287
-0.307
-0.328
-0.347
-0.347
-0.375
-0.365
-0.29
-0.21
-0.115
-0.03
-0.005
0.043
0.08
0.09
0.125
0.135
0.135
0.155
0.155
0.177
0.17
0.188
0.215
0.207
0.217
0.217
0.212
0.225
0.233
0.237
0.245
0.258
0.268
0.295
0.315
0.343
0.388
0.427
0.477
0.517
0.583
0.625
0.688
0.718
0.735
0.757
0.782
0.792
0.792
0.777
0.762
0.733
0.693
0.642
0.613
0.573
0.497
0.458
0.407
0.378
0.307
0.255
0.215
0.188
0.145
0.115
0.085
0.068
0.05
0.013
0.007
0.005
-0.01
-0.025
-0.028
-0.025
-0.03
-0.037
-0.043
-0.052
-0.033
-0.013
-0.013
-0.003
0.005
-0.01
-0.015
-0.003
-0.003
0.005
-0.003
-0.003
0.013
0.007
-0.003
-0.007
-0.003
-0.003
-0.043
-0.035
-0.022
-0.035
-0.035
-0.045
-0.05
-0.052
-0.052
-0.07
-0.052
-0.065
-0.065
-0.065
-0.06
-0.065
-0.07
-0.077
-0.08
-0.075
-0.075
-0.09
-0.075
-0.085
-0.107
-0.095
-0.092
-0.092
-0.115
-0.113
-0.105
-0.092
-0.102
-0.12
-0.115
-0.11
-0.113
-0.11
-0.102
-0.085
-0.105
-0.113
-0.102
-0.125
-0.095
-0.1
-0.095
-0.072
-0.085
-0.092
-0.095
-0.087
-0.092
-0.095
-0.102
-0.092
-0.092
-0.102
-0.1
-0.102
-0.092
-0.095
-0.09
-0.095
-0.098
-0.095
-0.092
-0.08
-0.085
-0.105
-0.105
-0.08
-0.09
-0.095
-0.135
-0.107
-0.105
-0.115
-0.125
-0.122
-0.105
-0.122
-0.125
-0.115
-0.107
-0.115
-0.117
-0.105
-0.11
-0.125
-0.113
-0.11
-0.107
-0.113
-0.102
-0.11
-0.092
-0.105
-0.105
-0.115
-0.098
-0.105
-0.11
-0.105
-0.105
-0.113
-0.11
-0.092
-0.09
-0.105
-0.113
-0.102
-0.1
-0.113
-0.11
-0.102
-0.092
-0.11
-0.107
-0.113
-0.102
-0.095
-0.113
-0.105
-0.095
-0.095
-0.122
-0.105
-0.11
-0.113
-0.115
-0.125
-0.122
-0.125
-0.13
-0.115
-0.102
-0.11
-0.1
-0.102
-0.095
-0.09
-0.095
-0.085
-0.1
-0.095
-0.11
-0.105
-0.11
-0.105
-0.11
-0.115
-0.102
-0.095
-0.102
-0.11
-0.1
-0.102
-0.122
-0.107
-0.09
-0.095
-0.105
-0.095
-0.08
-0.08
-0.095
-0.1
-0.1
-0.105
-0.105
-0.115
-0.098
-0.092
-0.075
-0.08
-0.065
-0.052
-0.055
-0.052
-0.052
-0.035
-0.035
-0.033
-0.043
-0.033
-0.03
-0.022
-0.018
-0.035
-0.05
-0.085
-0.092
-0.095
-0.105
-0.128
-0.115
-0.105
-0.107
-0.11
-0.125
-0.128
-0.135
-0.133
-0.203
-0.297
-0.435
-0.535
-0.522
-0.367
-0.125
0.237
0.72
1.173
1.288
1.167
1.045
0.873
0.647
0.403
0.212
0.095
0.007
-0.033
-0.068
-0.085
-0.125
-0.138
-0.16
-0.172
-0.182
-0.17
-0.193
-0.195
-0.185
-0.205
-0.212
-0.22
-0.205
-0.195
-0.2
-0.203
-0.205
-0.207
-0.225
-0.22
-0.21
-0.205
-0.223
-0.207
-0.225
-0.217
-0.215
-0.217
-0.223
-0.212
-0.203
-0.217
-0.215
-0.21
-0.205
-0.22
-0.205
-0.2
-0.195
-0.19
-0.21
-0.195
-0.185
-0.175
-0.18
-0.17
-0.155
-0.165
-0.17
-0.182
-0.165
-0.155
-0.155
-0.14
-0.125
-0.105
-0.095
-0.075
-0.062
-0.075
-0.06
-0.06
-0.06
-0.095
-0.095
-0.09
-0.095
-0.11
-0.125
-0.11
-0.113
-0.115
-0.133
-0.13
-0.133
-0.142
-0.14
-0.133
-0.14
-0.14
-0.145
-0.165
-0.15
-0.145
-0.163
-0.165
-0.155
-0.145
-0.155
-0.14
-0.142
-0.185
-0.177
-0.168
-0.168
-0.177
-0.18
-0.18
-0.18
-0.185
-0.182
-0.18
-0.19
-0.195
-0.203
-0.193
-0.19
-0.205
-0.215
-0.19
-0.182
-0.198
-0.205
-0.195
-0.193
-0.195
-0.195
-0.19
-0.182
-0.195
-0.188
-0.177
-0.182
-0.185
-0.175
-0.168
-0.17
-0.172
-0.182
-0.18
-0.175
-0.165
-0.18
-0.175
-0.175
-0.155
-0.185
-0.165
-0.172
-0.165
-0.16
-0.168
-0.16
-0.165
-0.152
-0.155
-0.142
-0.152
-0.168
-0.158
-0.145
-0.142
-0.135
-0.145
-0.125
-0.105
-0.1
-0.122
-0.1
-0.1
-0.1
-0.075
-0.055
-0.055
-0.033
-0.025
-0.015
0.007
-0.015
-0.043
-0.065
-0.062
-0.07
-0.08
-0.095
-0.095
-0.1
-0.105
-0.09
-0.115
-0.122
-0.113
-0.11
-0.125
-0.147
-0.217
-0.357
-0.47
-0.497
-0.415
-0.182
0.142
0.623
1.117
1.397
1.347
1.205
1.038
0.807
0.568
0.347
0.188
0.095
0.01
-0.04
-0.033
-0.06
-0.05
-0.102
-0.117
-0.13
-0.15
-0.133
-0.147
-0.16
-0.145
-0.145
-0.13
-0.135
-0.14
-0.138
-0.138
-0.155
-0.145
-0.145
-0.15
-0.16
-0.15
-0.133
-0.14
-0.15
-0.158
-0.145
-0.15
-0.16
-0.16
-0.15
-0.142
-0.16
-0.152
-0.138
-0.14
-0.142
-0.142
-0.147
-0.138
-0.152
-0.142
-0.13
-0.133
-0.125
-0.135
-0.102
-0.092
-0.092
-0.09
-0.085
-0.052
-0.045
-0.033
-0.022
-0.003
-0.01
-0.003
-0.003
-0.005
-0.03
-0.03
-0.035
-0.035
-0.033
-0.055
-0.08
-0.075
-0.085
-0.102
-0.092
-0.072
-0.092
-0.102
-0.105
-0.085
-0.09
-0.095
-0.107
-0.092
-0.095
-0.095
-0.105
-0.092
-0.095
-0.1
-0.113
-0.102
-0.11
-0.115
-0.12
-0.107
-0.122
-0.135
-0.125
-0.145
-0.122
-0.147
-0.133
-0.14
-0.133
-0.135
-0.13
-0.13
-0.14
-0.14
-0.15
-0.14
-0.133
-0.138
-0.135
-0.133
-0.14
-0.135
-0.145
-0.13
-0.135
-0.133
-0.133
-0.133
-0.117
-0.115
-0.117
-0.117
-0.125
-0.128
-0.14
-0.142
-0.122
-0.128
-0.135
-0.142
-0.13
-0.133
-0.125
-0.13
-0.125
-0.11
-0.125
-0.122
-0.115
-0.105
-0.105
-0.102
-0.085
-0.1
-0.092
-0.095
-0.095
-0.075
-0.08
-0.102
-0.08
-0.075
-0.092
-0.1
-0.09
-0.075
-0.068
-0.072
-0.055
-0.052
-0.058
-0.055
-0.048
-0.015
0
0.005
-0.003
0.018
0.007
-0.003
-0.01
-0.015
-0.013
-0.02
-0.043
-0.045
-0.052
-0.085
-0.075
-0.075
-0.105
-0.08
-0.085
-0.085
-0.105
-0.113
-0.145
-0.193
-0.307
-0.468
-0.547
-0.507
-0.31
-0.015
0.407
0.968
1.333
1.34
1.202
1.073
0.853
0.608
0.367
0.205
0.08
0.015
-0.045
-0.075
-0.085
-0.12
-0.145
-0.145
-0.135
-0.105
-0.135
-0.135
-0.133
-0.13
-0.142
-0.14
-0.122
-0.14
-0.145
-0.138
-0.135
-0.122
-0.135
-0.14
-0.133
-0.135
-0.14
-0.125
-0.133
-0.15
-0.172
-0.135
-0.128
-0.135
-0.135
-0.13
-0.138
-0.13
-0.142
-0.13
-0.122
-0.11
-0.12
-0.115
-0.102
-0.102
-0.1
-0.077
-0.08
-0.07
-0.055
-0.087
-0.072
-0.072
-0.06
-0.043
-0.005
-0.013
-0.025
-0.01
-0.013
-0.015
-0.025
-0.025
-0.043
-0.05
-0.062
-0.068
-0.07
-0.077
-0.087
-0.092
-0.085
-0.107
-0.105
-0.102
-0.102
-0.105
-0.105
-0.095
-0.1
-0.098
-0.102
-0.098
-0.105
-0.113
-0.113
-0.115
-0.087
-0.09
-0.085
-0.08
-0.077
-0.1
-0.1
-0.11
-0.11
-0.11
-0.11
-0.113
-0.1
-0.115
-0.12
-0.122
-0.113
-0.115
-0.135
-0.125
-0.117
-0.13
-0.133
-0.142
-0.115
-0.115
-0.13
-0.117
-0.115
-0.122
-0.128
-0.113
-0.135
-0.13
-0.133
-0.135
-0.13
-0.135
-0.135
-0.13
-0.13
-0.125
-0.122
-0.125
-0.122
-0.142
-0.135
-0.133
-0.125
-0.133
-0.145
-0.145
-0.138
-0.133
-0.14
-0.145
-0.125
-0.135
-0.14
-0.135
-0.133
-0.122
-0.122
-0.13
-0.13
-0.125
-0.135
-0.13
-0.125
-0.105
-0.098
-0.095
-0.085
-0.11
-0.11
-0.092
-0.062
-0.043
-0.045
-0.035
-0.025
-0.033
-0.043
-0.06
-0.08
-0.085
-0.11
-0.115
-0.122
-0.135
-0.135
-0.14
-0.13
-0.128
-0.135
-0.145
-0.145
-0.13
-0.175
-0.268
-0.405
-0.517
-0.578
-0.5
-0.268
0.028
0.515
1.032
1.323
1.292
1.143
1.002
0.777
0.542
0.318
0.147
0.028
-0.005
-0.065
-0.1
-0.115
-0.125
-0.147
-0.165
-0.188
-0.172
-0.18
-0.193
-0.177
-0.177
-0.168
-0.175
-0.185
-0.182
-0.185
-0.185
-0.182
-0.172
-0.185
-0.19
-0.19
-0.195
-0.185
-0.185
-0.193
-0.177
-0.188
-0.205
-0.203
-0.205
-0.205
-0.203
-0.215
-0.193
-0.193
-0.188
-0.185
-0.17
-0.182
-0.185
-0.18
-0.155
-0.16
-0.15
-0.135
-0.125
-0.115
-0.09
-0.09
-0.08
-0.065
-0.07
-0.072
-0.058
-0.045
-0.052
-0.018
-0.022
-0.03
-0.035
-0.037
-0.045
-0.055
-0.07
-0.085
-0.08
-0.08
-0.087
-0.098
-0.08
-0.095
-0.1
-0.105
-0.092
-0.095
-0.102
-0.105
-0.1
-0.095
-0.105
-0.09
-0.092
-0.098
-0.113
-0.098
-0.102
-0.102
-0.11
-0.107
-0.115
-0.117
-0.105
-0.117
-0.105
-0.125
-0.115
-0.113
-0.113
-0.122
-0.135
-0.13
-0.115
-0.122
-0.135
-0.122
-0.12
-0.135
-0.15
-0.122
-0.133
-0.145
-0.145
-0.135
-0.122
-0.142
-0.145
-0.145
-0.145
-0.142
-0.145
-0.155
-0.145
-0.145
-0.152
-0.145
-0.175
-0.155
-0.16
-0.16
-0.17
-0.17
-0.18
-0.172
-0.158
-0.152
-0.177
-0.16
-0.172
-0.168
-0.165
-0.155
-0.145
-0.155
-0.165
-0.155
-0.158
-0.152
-0.16
-0.165
-0.15
-0.115
-0.122
-0.095
-0.092
-0.083
-0.09
-0.085
-0.062
-0.07
-0.075
-0.07
-0.043
-0.048
-0.058
-0.075
-0.092
-0.098
-0.128
-0.128
-0.142
-0.15
-0.16
-0.16
-0.155
-0.15
-0.155
-0.165
-0.168
-0.17
-0.185
-0.193
-0.273
-0.383
-0.54
-0.63
-0.615
-0.435
-0.155
0.245
0.787
1.212
1.242
1.107
0.965
0.767
0.507
0.255
0.098
0.035
-0.062
-0.135
-0.15
-0.175
-0.185
-0.203
-0.215
-0.215
-0.215
-0.242
-0.24
-0.24
-0.24
-0.26
-0.25
-0.258
-0.235
-0.253
-0.25
-0.235
-0.225
-0.237
-0.24
-0.24
-0.23
-0.235
-0.253
-0.245
-0.235
-0.24
-0.24
-0.24
-0.235
-0.24
-0.24
-0.245
-0.23
-0.228
-0.217
-0.23
-0.225
-0.217
-0.23
-0.215
-0.203
-0.203
-0.235
-0.22
-0.205
-0.205
-0.195
-0.19
-0.17
-0.175
-0.158
-0.133
-0.138
-0.117
-0.107
-0.122
-0.11
-0.102
-0.113
-0.122
-0.115
-0.122
-0.105
-0.12
-0.135
-0.14
-0.145
-0.152
-0.152
-0.16
-0.158
-0.16
-0.155
-0.152
-0.155
-0.175
-0.165
-0.165
-0.165
-0.175
-0.175
-0.165
-0.155
-0.182
-0.182
-0.18
-0.168
-0.168
-0.185
-0.177
-0.16
-0.165
-0.165
-0.165
-0.145
-0.155
-0.163
-0.182
-0.175
-0.19
-0.185
-0.16
-0.16
-0.168
-0.17
-0.172
-0.17
-0.185
-0.19
-0.172
-0.177
-0.16
-0.17
-0.155
-0.168
-0.177
-0.175
-0.18
-0.16
-0.165
-0.165
-0.18
-0.16
-0.168
-0.185
-0.182
-0.168
-0.168
-0.175
-0.165
-0.165
-0.158
-0.172
-0.182
-0.168
-0.185
-0.182
-0.172
-0.16
-0.165
-0.175
-0.175
-0.175
-0.182
-0.17
-0.175
-0.18
-0.177
-0.177
-0.17
-0.16
-0.15
-0.145
-0.155
-0.158
-0.133
-0.125
-0.13
-0.11
-0.092
-0.095
-0.105
-0.102
-0.115
-0.147
-0.17
-0.18
-0.172
-0.19
-0.188
-0.195
-0.188
-0.205
-0.203
-0.24
-0.22
-0.23
-0.235
-0.233
-0.265
-0.365
-0.5
-0.618
-0.608
-0.47
-0.21
0.158
0.677
1.14
1.272
1.127
0.993
0.777
0.52
0.263
0.085
-0.007
-0.107
-0.145
-0.163
-0.188
-0.21
-0.217
-0.21
-0.215
-0.263
-0.268
-0.27
-0.26
-0.282
-0.285
-0.282
-0.273
-0.275
-0.273
-0.265
-0.273
-0.282
-0.285
-0.278
-0.263
-0.273
-0.295
-0.285
-0.29
-0.282
-0.292
-0.278
-0.268
-0.278
-0.282
-0.278
-0.268
-0.285
-0.29
-0.27
-0.278
-0.27
-0.282
-0.268
-0.247
-0.237
-0.24
-0.228
-0.215
-0.203
-0.205
-0.195
-0.175
-0.17
-0.155
-0.155
-0.133
-0.125
-0.13
-0.105
-0.1
-0.1
-0.1
-0.11
-0.122
-0.13
-0.14
-0.145
-0.165
-0.175
-0.172
-0.175
-0.16
-0.18
-0.185
-0.172
-0.177
-0.185
-0.185
-0.18
-0.168
-0.185
-0.175
-0.172
-0.17
-0.168
-0.17
-0.17
-0.175
-0.175
-0.177
-0.17
-0.17
-0.17
-0.172
-0.168
-0.165
-0.18
-0.182
-0.177
-0.177
-0.168
-0.185
-0.175
-0.155
-0.175
-0.18
-0.165
-0.16
-0.158
-0.16
-0.17
-0.168
-0.168
-0.172
-0.17
-0.165
-0.155
-0.16
-0.175
-0.165
-0.172
-0.168
-0.175
-0.17
-0.177
-0.165
-0.17
-0.17
-0.16
-0.163
-0.16
-0.17
-0.142
-0.17
-0.155
-0.165
-0.152
-0.155
-0.16
-0.155
-0.14
-0.13
-0.14
-0.125
-0.152
-0.14
-0.16
-0.117
-0.128
-0.135
-0.138
-0.135
-0.13
-0.13
-0.13
-0.125
-0.125
-0.085
-0.09
-0.09
-0.075
-0.085
-0.102
-0.077
-0.043
-0.045
-0.05
-0.043
-0.025
-0.033
-0.043
-0.062
-0.07
-0.075
-0.09
-0.1
-0.1
-0.125
-0.15
-0.135
-0.115
-0.128
-0.133
-0.133
-0.145
-0.145
-0.185
-0.25
-0.38
-0.505
-0.57
-0.517
-0.302
0.022
0.517
1.058
1.363
1.327
1.188
1.032
0.787
0.537
0.312
0.15
0.025
-0.04
-0.085
-0.135
-0.15
-0.155
-0.172
-0.198
-0.205
-0.21
-0.207
-0.205
-0.225
-0.215
-0.21
-0.21
-0.21
-0.205
-0.21
-0.205
-0.195
-0.2
-0.21
-0.21
-0.207
-0.185
-0.205
-0.217
-0.205
-0.207
-0.205
-0.22
-0.215
-0.205
-0.23
-0.225
-0.21
-0.22
-0.195
-0.203
-0.185
-0.19
-0.175
-0.175
-0.168
-0.15
-0.152
-0.13
-0.142
-0.113
-0.122
-0.1
-0.12
-0.115
-0.095
-0.08
-0.065
-0.048
-0.048
-0.052
-0.058
-0.07
-0.077
-0.068
-0.08
-0.087
-0.11
-0.115
-0.11
-0.125
-0.135
-0.14
-0.145
-0.142
-0.152
-0.145
-0.15
-0.155
-0.16
-0.165
-0.165
-0.16
-0.165
-0.155
-0.15
-0.158
-0.165
-0.16
-0.147
-0.152
-0.16
-0.145
-0.152
-0.152
-0.155
-0.16
-0.165
-0.152
-0.168
-0.16
-0.165
-0.165
-0.155
-0.163
-0.158
-0.163
-0.185
-0.172
-0.177
-0.175
-0.182
-0.172
-0.18
-0.175
-0.175
-0.172
-0.16
-0.175
-0.18
-0.175
-0.175
-0.152
-0.165
-0.165
-0.168
-0.16
-0.172
-0.182
-0.165
-0.165
-0.16
-0.172
-0.163
-0.16
-0.16
-0.165
-0.165
-0.15
-0.16
-0.16
-0.14
-0.14
-0.175
-0.147
-0.16
-0.15
-0.15
-0.14
-0.135
-0.133
-0.145
-0.135
-0.125
-0.122
-0.14
-0.122
-0.125
-0.105
-0.102
-0.11
-0.11
-0.095
-0.095
-0.1
-0.062
-0.062
-0.04
-0.045
-0.022
-0.03
-0.033
-0.058
-0.075
-0.075
-0.085
-0.11
-0.122
-0.135
-0.13
-0.145
-0.135
-0.133
-0.13
-0.14
-0.142
-0.14
-0.152
-0.177
-0.282
-0.43
-0.535
-0.56
-0.443
-0.182
0.163
0.688
1.175
1.347
1.248
1.113
0.938
0.698
0.445
0.247
0.098
0.025
-0.033
-0.087
-0.117
-0.125
-0.142
-0.16
-0.17
-0.165
-0.17
-0.18
-0.182
-0.177
-0.17
-0.18
-0.185
-0.177
-0.195
-0.203
-0.195
-0.185
-0.185
-0.19
-0.19
-0.185
-0.19
-0.185
-0.19
-0.18
-0.182
-0.188
-0.175
-0.203
-0.185
-0.203
-0.19
-0.177
-0.182
-0.175
-0.175
-0.17
-0.165
-0.165
-0.165
-0.16
-0.165
-0.155
-0.145
-0.125
-0.125
-0.117
-0.098
-0.075
-0.065
-0.065
-0.052
-0.022
-0.01
-0.003
-0.022
-0.005
-0.03
-0.015
-0.043
-0.043
-0.035
-0.05
-0.072
-0.072
-0.085
-0.098
-0.09
-0.105
-0.08
-0.098
-0.122
-0.12
-0.12
-0.122
-0.12
-0.115
-0.115
-0.102
-0.105
-0.105
-0.115
-0.113
-0.098
-0.117
-0.115
-0.11
-0.11
-0.117
-0.115
-0.115
-0.11
-0.122
-0.122
-0.105
-0.105
-0.11
-0.125
-0.12
-0.117
-0.125
-0.13
-0.115
-0.115
-0.115
-0.115
-0.11
-0.115
-0.117
-0.125
-0.105
-0.117
-0.125
-0.125
-0.13
-0.113
-0.122
-0.13
-0.125
-0.122
-0.133
-0.135
-0.13
-0.125
-0.15
-0.152
-0.142
-0.125
-0.125
-0.135
-0.122
-0.115
-0.105
-0.117
-0.115
-0.105
-0.122
-0.125
-0.102
-0.102
-0.113
-0.117
-0.115
-0.105
-0.11
-0.105
-0.107
-0.095
-0.095
-0.098
-0.092
-0.105
-0.1
-0.09
-0.075
-0.065
-0.065
-0.07
-0.055
-0.052
-0.035
-0.035
-0.022
-0.003
-0.013
-0.005
-0.013
-0.025
-0.05
-0.055
-0.065
-0.065
-0.075
-0.107
-0.11
-0.105
-0.107
-0.1
-0.115
-0.095
-0.1
-0.125
-0.14
-0.175
-0.255
-0.425
-0.537
-0.57
-0.445
-0.212
0.195
0.715
1.208
1.367
1.262
1.157
0.988
0.728
0.477
0.278
0.135
0.037
-0.025
-0.065
-0.095
-0.115
-0.125
-0.138
-0.155
-0.175
-0.177
-0.172
-0.152
-0.165
-0.188
-0.147
-0.155
-0.155
-0.16
-0.145
-0.152
-0.165
-0.16
-0.16
-0.175
-0.172
-0.163
-0.147
-0.158
-0.17
-0.172
-0.16
-0.158
-0.175
-0.155
-0.147
-0.165
-0.17
-0.16
-0.165
-0.165
-0.18
-0.16
-0.165
-0.155
-0.152
-0.147
-0.122
-0.125
-0.117
-0.092
-0.085
-0.075
-0.062
-0.045
-0.025
-0.013
-0.005
-0.003
0.005
0.01
0.018
-0.003
-0.018
-0.022
-0.055
-0.052
-0.06
-0.033
-0.045
-0.065
-0.095
-0.095
-0.113
-0.105
-0.105
-0.098
-0.105
-0.115
-0.11
-0.115
-0.117
-0.113
-0.115
-0.122
-0.105
-0.113
-0.105
-0.102
-0.115
-0.115
-0.122
-0.102
-0.115
-0.115
-0.13
-0.117
-0.115
-0.122
-0.13
-0.125
-0.11
-0.135
-0.145
-0.135
-0.142
-0.128
-0.125
-0.115
-0.122
-0.13
-0.135
-0.133
-0.122
-0.135
-0.133
-0.102
-0.113
-0.105
-0.11
-0.102
-0.11
-0.1
-0.11
-0.105
-0.135
-0.145
-0.145
-0.142
-0.135
-0.133
-0.133
-0.117
-0.115
-0.113
-0.138
-0.133
-0.13
-0.13
-0.11
-0.125
-0.125
-0.107
-0.122
-0.115
-0.115
-0.115
-0.122
-0.115
-0.117
-0.12
-0.133
-0.113
-0.115
-0.1
-0.113
-0.11
-0.117
-0.125
-0.133
-0.125
-0.11
-0.092
-0.087
-0.09
-0.083
-0.08
-0.077
-0.065
-0.045
-0.043
-0.035
-0.035
-0.025
-0.035
-0.062
-0.07
-0.072
-0.092
-0.128
-0.14
-0.125
-0.13
-0.138
-0.135
-0.13
-0.145
-0.138
-0.13
-0.135
-0.177
-0.255
-0.405
-0.535
-0.58
-0.522
-0.3
0.028
0.517
1.04
1.323
1.248
1.125
0.973
0.728
0.482
0.28
0.117
0.01
-0.043
-0.1
-0.122
-0.155
-0.155
-0.175
-0.177
-0.19
-0.195
-0.203
-0.212
-0.195
-0.195
-0.198
-0.205
-0.217
-0.205
-0.21
-0.203
-0.198
-0.205
-0.215
-0.22
-0.223
-0.215
-0.223
-0.24
-0.205
-0.215
-0.21
-0.205
-0.2
-0.185
-0.198
-0.203
-0.203
-0.198
-0.193
-0.185
-0.185
-0.175
-0.163
-0.185
-0.155
-0.15
-0.133
-0.128
-0.145
-0.135
-0.122
-0.12
-0.107
-0.085
-0.068
-0.058
-0.043
-0.033
-0.025
-0.022
-0.025
-0.02
-0.025
-0.033
-0.065
-0.075
-0.07
-0.045
-0.065
-0.083
-0.075
-0.08
-0.09
-0.09
-0.083
-0.1
-0.085
-0.098
-0.075
-0.08
-0.1
-0.095
-0.085
-0.08
-0.08
-0.07
-0.055
-0.058
-0.033
-0.003
0.045
0.098
0.198
0.338
0.468
0.565
0.605
0.527
0.117
-0.512
-1.002
-1.228
-1.252
-1.232
-1.143
-0.958
-0.752
-0.568
-0.487
-0.403
-0.415
-0.422
-0.443
-0.458
-0.463
-0.468
-0.443
-0.367
-0.278
-0.18
-0.11
-0.095
-0.052
-0.01
-0.005
0.005
0.018
0.037
0.048
0.055
0.065
0.07
0.098
0.087
0.098
0.128
0.133
0.135
0.145
0.138
0.155
0.163
0.175
0.21
0.235
0.258
0.297
0.347
0.388
0.422
0.458
0.517
0.562
0.603
0.647
0.682
0.693
0.698
0.698
0.677
0.677
0.627
0.605
0.575
0.537
0.477
0.443
0.407
0.347
0.287
0.242
0.195
0.15
0.107
0.075
0.037
0.03
-0.013
-0.043
-0.035
-0.055
-0.062
-0.075
-0.072
-0.075
-0.08
-0.085
-0.085
-0.062
-0.065
-0.08
-0.08
-0.055
-0.06
-0.08
-0.075
-0.07
-0.062
-0.075
-0.065
-0.062
-0.07
-0.072
-0.08
-0.065
-0.085
-0.085
-0.095
-0.09
-0.092
-0.098
-0.098
-0.092
-0.08
-0.092
-0.087
-0.11
-0.09
-0.095
-0.095
-0.105
-0.08
-0.08
-0.095
-0.085
-0.083
-0.085
-0.102
-0.085
-0.1
-0.095
-0.1
-0.09
-0.085
-0.087
-0.1
-0.085
-0.08
-0.07
-0.072
-0.07
-0.075
-0.085
-0.08
-0.08
-0.075
-0.08
-0.085
-0.087
-0.072
-0.06
-0.077
-0.077
-0.075
-0.065
-0.07
-0.065
-0.065
-0.062
-0.06
-0.065
-0.06
-0.055
-0.062
-0.052
-0.065
-0.062
-0.048
-0.052
-0.052
-0.055
-0.052
-0.062
-0.043
-0.043
-0.06
-0.055
-0.045
-0.035
-0.04
-0.025
-0.048
-0.033
-0.025
-0.037
-0.043
-0.033
-0.022
-0.033
-0.045
-0.025
-0.02
-0.02
-0.025
-0.015
-0.013
-0.028
-0.025
-0.022
-0.025
-0.028
-0.03
-0.022
-0.007
-0.035
-0.025
-0.02
-0.018
-0.025
-0.025
-0.005
-0.015
-0.025
-0.022
-0.022
-0.022
-0.022
-0.025
-0.01
-0.022
-0.035
-0.03
-0.022
-0.03
-0.025
-0.02
-0.013
-0.005
-0.015
-0.015
-0.003
-0.003
-0.022
-0.018
-0.003
-0.007
-0.015
-0.013
-0.003
-0.003
0.007
-0.005
0.005
0.007
0.005
-0.005
-0.003
0.02
0.015
0.007
0.018
0.005
0.005
0.007
-0.003
0.007
0.01
-0.003
-0.003
-0.003
0.01
-0.003
0.01
0.015
0.005
0.01
0.005
0.01
0.015
0.007
0.025
0.03
0.015
0.018
0.018
0.022
0.015
-0.003
0.022
0.025
0.015
0.025
0.048
0.055
0.045
0.043
0.055
0.07
0.085
0.08
0.09
0.092
0.113
0.107
0.098
0.08
0.068
0.052
0.055
0.052
0.028
0.007
0.007
0.007
-0.005
-0.013
-0.003
0.01
-0.025
-0.087
-0.168
-0.312
-0.427
-0.45
-0.33
-0.092
0.275
0.767
1.232
1.413
1.34
1.22
1.028
0.795
0.555
0.355
0.215
0.135
0.07
0.022
-0.003
-0.015
-0.033
-0.052
-0.068
-0.075
-0.075
-0.08
-0.08
-0.08
-0.077
-0.1
-0.09
-0.102
-0.092
-0.11
-0.1
-0.1
-0.105
-0.11
-0.11
-0.102
-0.122
-0.115
-0.125
-0.128
-0.115
-0.13
-0.14
-0.12
-0.122
-0.13
-0.135
-0.125
-0.122
-0.107
-0.113
-0.095
-0.092
-0.1
-0.095
-0.087
-0.085
-0.102
-0.095
-0.08
-0.07
-0.065
-0.055
-0.037
-0.033
-0.025
-0.025
-0.003
0.013
0.028
0.03
0.048
0.058
0.065
0.055
0.048
0.048
0.058
0.037
0.028
0.028
0.013
-0.003
-0.005
-0.005
-0.005
-0.015
-0.013
-0.015
-0.015
-0.015
-0.025
-0.013
-0.007
-0.022
-0.045
-0.025
-0.02
-0.028
-0.025
-0.022
-0.013
-0.018
-0.007
-0.025
-0.015
-0.025
-0.03
-0.015
-0.003
-0.03
-0.043
-0.045
-0.04
-0.035
-0.035
-0.025
-0.025
-0.045
-0.045
-0.035
-0.03
-0.05
-0.043
-0.05
-0.025
-0.033
-0.043
-0.045
-0.037
-0.035
-0.04
-0.062
-0.05
-0.05
-0.048
-0.045
-0.05
-0.043
-0.062
-0.043
-0.055
-0.055
-0.05
-0.043
-0.052
-0.065
-0.05
-0.062
-0.05
-0.055
-0.045
-0.055
-0.055
-0.06
-0.062
-0.06
-0.045
-0.055
-0.05
-0.045
-0.05
-0.035
-0.04
-0.033
-0.018
-0.035
-0.035
-0.035
-0.02
-0.015
-0.015
-0.005
-0.003
-0.003
-0.013
0.005
0.03
0.037
0.048
0.045
0.065
0.068
0.095
0.068
0.075
0.045
0.018
0.013
0.01
0.005
-0.015
-0.003
-0.028
-0.022
-0.022
-0.03
-0.025
-0.003
-0.035
-0.065
-0.11
-0.223
-0.395
-0.48
-0.465
-0.305
-0.025
0.407
0.94
1.347
1.407
1.292
1.16
0.958
0.682
0.465
0.302
0.168
0.065
0.037
-0.003
-0.043
-0.062
-0.075
-0.08
-0.09
-0.095
-0.092
-0.1
-0.095
-0.12
-0.12
-0.102
-0.122
-0.135
-0.113
-0.113
-0.122
-0.115
-0.122
-0.11
-0.115
-0.125
-0.128
-0.113
-0.102
-0.128
-0.122
-0.115
-0.107
-0.105
-0.107
-0.105
-0.135
-0.105
-0.122
-0.113
-0.115
-0.122
-0.113
-0.122
-0.098
-0.11
-0.105
-0.105
-0.065
-0.072
-0.062
-0.043
-0.025
-0.035
-0.045
-0.005
0.003
-0.005
0.013
0.015
0.033
0.025
0.025
0.028
0.005
0.022
-0.003
-0.025
-0.013
-0.022
-0.04
-0.045
-0.075
-0.04
-0.062
-0.07
-0.055
-0.062
-0.075
-0.075
-0.09
-0.087
-0.085
-0.1
-0.09
-0.077
-0.07
-0.072
-0.075
-0.07
-0.065
-0.087
-0.105
-0.1
-0.087
-0.085
-0.095
-0.095
-0.105
-0.105
-0.115
-0.1
-0.113
-0.115
-0.115
-0.105
-0.113
-0.113
-0.13
-0.122
-0.135
-0.13
-0.145
-0.122
-0.125
-0.142
-0.128
-0.13
-0.135
-0.128
-0.14
-0.115
-0.117
-0.14
-0.135
-0.125
-0.13
-0.135
-0.142
-0.122
-0.133
-0.125
-0.145
-0.115
-0.113
-0.128
-0.13
-0.14
-0.135
-0.128
-0.14
-0.133
-0.14
-0.135
-0.14
-0.13
-0.14
-0.135
-0.135
-0.13
-0.115
-0.115
-0.125
-0.125
-0.125
-0.12
-0.117
-0.13
-0.11
-0.113
-0.092
-0.095
-0.085
-0.102
-0.095
-0.095
-0.072
-0.06
-0.055
-0.035
-0.01
-0.005
-0.02
-0.045
-0.065
-0.08
-0.095
-0.125
-0.115
-0.128
-0.13
-0.142
-0.133
-0.135
-0.142
-0.145
-0.145
-0.14
-0.155
-0.212
-0.275
-0.4
-0.525
-0.608
-0.562
-0.35
-0.062
0.378
0.907
1.268
1.292
1.147
1.015
0.823
0.578
0.328
0.158
0.045
-0.033
-0.087
-0.11
-0.125
-0.135
-0.155
-0.195
-0.198
-0.185
-0.203
-0.205
-0.19
-0.203
-0.203
-0.205
-0.215
-0.205
-0.21
-0.207
-0.203
-0.207
-0.205
-0.235
-0.223
-0.217
-0.217
-0.195
-0.212
-0.205
-0.205
-0.205
-0.215
-0.193
-0.19
-0.203
-0.205
-0.223
-0.223
-0.23
-0.233
-0.233
-0.223
-0.223
-0.21
-0.195
-0.195
-0.203
-0.195
-0.177
-0.15
-0.145
-0.152
-0.142
-0.135
-0.122
-0.13
-0.105
-0.095
-0.08
-0.085
-0.08
-0.077
-0.095
-0.08
-0.115
-0.122
-0.16
-0.16
-0.16
-0.165
-0.142
-0.18
-0.172
-0.168
-0.17
-0.18
-0.168
-0.165
-0.182
-0.18
-0.175
-0.18
-0.172
-0.165
-0.17
-0.16
-0.172
-0.175
-0.17
-0.18
-0.17
-0.182
-0.185
-0.182
-0.168
-0.172
-0.188
-0.175
-0.195
-0.193
-0.175
-0.195
-0.195
-0.193
-0.188
-0.185
-0.182
-0.18
-0.185
-0.168
-0.185
-0.185
-0.177
-0.185
-0.203
-0.205
-0.205
-0.2
-0.182
-0.19
-0.177
-0.175
-0.177
-0.198
-0.188
-0.188
-0.198
-0.188
-0.18
-0.182
-0.182
-0.205
-0.185
-0.185
-0.193
-0.195
-0.185
-0.175
-0.198
-0.177
-0.182
-0.165
-0.175
-0.182
-0.18
-0.18
-0.198
-0.195
-0.188
-0.172
-0.19
-0.19
-0.177
-0.16
-0.142
-0.145
-0.155
-0.14
-0.145
-0.145
-0.115
-0.107
-0.1
-0.11
-0.095
-0.1
-0.098
-0.133
-0.135
-0.14
-0.155
-0.158
-0.172
-0.18
-0.195
-0.193
-0.18
-0.172
-0.175
-0.185
-0.203
-0.205
-0.205
-0.287
-0.41
-0.542
-0.627
-0.58
-0.415
-0.095
0.307
0.815
1.212
1.268
1.133
0.968
0.782
0.522
0.282
0.105
-0.013
-0.085
-0.13
-0.168
-0.175
-0.185
-0.198
-0.205
-0.223
-0.233
-0.212
-0.223
-0.23
-0.22
-0.225
-0.23
-0.235
-0.233
-0.22
-0.215
-0.23
-0.235
-0.228
-0.22
-0.23
-0.223
-0.223
-0.223
-0.225
-0.212
-0.225
-0.223
-0.217
-0.215
-0.19
-0.205
-0.22
-0.217
-0.21
-0.21
-0.215
-0.203
-0.195
-0.19
-0.17
-0.168
-0.155
-0.147
-0.145
-0.142
-0.135
-0.115
-0.105
-0.092
-0.085
-0.072
-0.065
-0.062
-0.043
-0.033
-0.013
-0.033
-0.02
-0.01
-0.033
-0.045
-0.06
-0.052
-0.06
-0.075
-0.075
-0.072
-0.075
-0.095
-0.102
-0.107
-0.113
-0.117
-0.11
-0.095
-0.102
-0.113
-0.11
-0.105
-0.102
-0.125
-0.113
-0.11
-0.115
-0.11
-0.102
-0.095
-0.102
-0.1
-0.115
-0.098
-0.095
-0.102
-0.107
-0.105
-0.095
-0.12
-0.11
-0.107
-0.11
-0.122
-0.122
-0.102
-0.102
-0.098
-0.1
-0.095
-0.11
-0.105
-0.105
-0.095
-0.11
-0.122
-0.105
-0.098
-0.11
-0.122
-0.135
-0.135
-0.125
-0.122
-0.128
-0.12
-0.115
-0.122
-0.122
-0.11
-0.113
-0.12
-0.115
-0.11
-0.11
-0.12
-0.122
-0.107
-0.113
-0.11
-0.113
-0.125
-0.107
-0.102
-0.105
-0.11
-0.102
-0.102
-0.105
-0.09
-0.092
-0.1
-0.095
-0.092
-0.092
-0.085
-0.075
-0.055
-0.062
-0.085
-0.065
-0.055
-0.043
-0.045
-0.033
-0.015
-0.01
-0.013
-0.02
-0.025
-0.045
-0.06
-0.072
-0.072
-0.092
-0.102
-0.125
-0.122
-0.102
-0.12
-0.113
-0.115
-0.105
-0.122
-0.152
-0.158
-0.237
-0.38
-0.527
-0.578
-0.497
-0.282
0.037
0.505
1.028
1.308
1.278
1.143
1.02
0.777
0.532
0.335
0.165
0.058
-0.003
-0.065
-0.077
-0.122
-0.135
-0.16
-0.16
-0.185
-0.188
-0.19
-0.195
-0.18
-0.203
-0.2
-0.18
-0.182
-0.195
-0.195
-0.195
-0.172
-0.185
-0.203
-0.19
-0.193
-0.205
-0.203
-0.185
-0.185
-0.195
-0.193
-0.185
-0.18
-0.195
-0.195
-0.193
-0.195
-0.185
-0.19
-0.185
-0.175
-0.182
-0.18
-0.175
-0.152
-0.152
-0.142
-0.14
-0.135
-0.117
-0.122
-0.113
-0.092
-0.09
-0.08
-0.077
-0.052
-0.043
-0.043
-0.005
-0.005
-0.005
-0.013
-0.015
-0.033
-0.022
-0.06
-0.062
-0.06
-0.06
-0.095
-0.1
-0.087
-0.09
-0.105
-0.102
-0.09
-0.092
-0.1
-0.085
-0.08
-0.08
-0.1
-0.095
-0.095
-0.092
-0.095
-0.105
-0.085
-0.075
-0.085
-0.09
-0.083
-0.09
-0.09
-0.092
-0.083
-0.068
-0.105
-0.105
-0.09
-0.068
-0.09
-0.092
-0.095
-0.092
-0.08
-0.09
-0.095
-0.092
-0.09
-0.092
-0.11
-0.098
-0.102
-0.11
-0.105
-0.09
-0.087
-0.11
-0.105
-0.105
-0.085
-0.105
-0.105
-0.095
-0.102
-0.1
-0.105
-0.095
-0.095
-0.095
-0.095
-0.095
-0.083
-0.102
-0.102
-0.092
-0.085
-0.115
-0.107
-0.105
-0.107
-0.1
-0.095
-0.102
-0.102
-0.105
-0.095
-0.102
-0.092
-0.102
-0.105
-0.08
-0.085
-0.085
-0.095
-0.102
-0.095
-0.075
-0.095
-0.107
-0.105
-0.095
-0.08
-0.075
-0.07
-0.072
-0.08
-0.08
-0.055
-0.05
-0.035
-0.025
-0.013
-0.01
-0.018
-0.018
-0.02
-0.04
-0.055
-0.065
-0.085
-0.095
-0.102
-0.122
-0.135
-0.113
-0.107
-0.128
-0.12
-0.122
-0.122
-0.15
-0.182
-0.23
-0.365
-0.507
-0.59
-0.54
-0.345
-0.045
0.388
0.935
1.288
1.282
1.153
1.02
0.787
0.542
0.323
0.16
0.045
-0.022
-0.09
-0.133
-0.125
-0.16
-0.182
-0.182
-0.175
-0.195
-0.198
-0.205
-0.19
-0.2
-0.212
-0.205
-0.2
-0.205
-0.207
-0.21
-0.203
-0.203
-0.21
-0.212
-0.205
-0.215
-0.207
-0.21
-0.195
-0.205
-0.212
-0.215
-0.205
-0.21
-0.223
-0.223
-0.205
-0.21
-0.21
-0.203
-0.203
-0.215
-0.193
-0.193
-0.182
-0.18
-0.172
-0.15
-0.145
-0.145
-0.14
-0.13
-0.11
-0.11
-0.077
-0.075
-0.055
-0.048
-0.037
-0.045
-0.035
-0.043
-0.06
-0.062
-0.065
-0.08
-0.095
-0.095
-0.1
-0.11
-0.117
-0.12
-0.105
-0.13
-0.13
-0.128
-0.125
-0.13
-0.128
-0.135
-0.128
-0.115
-0.115
-0.135
-0.117
-0.122
-0.128
-0.14
-0.125
-0.128
-0.133
-0.152
-0.122
-0.138
-0.142
-0.13
-0.135
-0.135
-0.14
-0.145
-0.14
-0.135
-0.155
-0.152
-0.15
-0.145
-0.145
-0.15
-0.165
-0.152
-0.155
-0.172
-0.152
-0.155
-0.17
-0.15
-0.152
-0.13
-0.175
-0.165
-0.175
-0.155
-0.175
-0.165
-0.155
-0.145
-0.16
-0.16
-0.155
-0.128
-0.155
-0.17
-0.147
-0.145
-0.15
-0.15
-0.147
-0.145
-0.147
-0.133
-0.145
-0.15
-0.145
-0.155
-0.145
-0.14
-0.125
-0.147
-0.158
-0.133
-0.145
-0.15
-0.145
-0.135
-0.135
-0.133
-0.142
-0.135
-0.13
-0.138
-0.145
-0.135
-0.115
-0.115
-0.125
-0.105
-0.11
-0.095
-0.092
-0.07
-0.065
-0.055
-0.055
-0.052
-0.068
-0.092
-0.105
-0.098
-0.113
-0.128
-0.147
-0.17
-0.16
-0.152
-0.155
-0.142
-0.155
-0.155
-0.165
-0.185
-0.193
-0.25
-0.39
-0.552
-0.63
-0.61
-0.438
-0.17
0.268
0.797
1.2
1.26
1.137
1.008
0.818
0.578
0.328
0.138
0.015
-0.068
-0.138
-0.152
-0.203
-0.203
-0.21
-0.24
-0.255
-0.26
-0.26
-0.253
-0.265
-0.282
-0.253
-0.273
-0.263
-0.29
-0.278
-0.278
-0.287
-0.292
-0.282
-0.27
-0.287
-0.282
-0.278
-0.275
-0.29
-0.287
-0.273
-0.275
-0.28
-0.275
-0.275
-0.285
-0.295
-0.3
-0.3
-0.3
-0.265
-0.28
-0.285
-0.275
-0.282
-0.27
-0.25
-0.245
-0.245
-0.25
-0.235
-0.215
-0.215
-0.203
-0.185
-0.16
-0.155
-0.145
-0.135
-0.125
-0.133
-0.133
-0.145
-0.155
-0.16
-0.168
-0.17
-0.185
-0.195
-0.205
-0.203
-0.22
-0.223
-0.228
-0.225
-0.21
-0.21
-0.22
-0.19
-0.205
-0.22
-0.225
-0.203
-0.203
-0.207
-0.21
-0.203
-0.212
-0.225
-0.22
-0.205
-0.207
-0.22
-0.212
-0.217
-0.223
-0.23
-0.223
-0.21
-0.22
-0.223
-0.223
-0.24
-0.215
-0.225
-0.225
-0.225
-0.23
-0.235
-0.23
-0.228
-0.217
-0.225
-0.22
-0.225
-0.25
-0.25
-0.242
-0.258
-0.242
-0.27
-0.255
-0.253
-0.215
-0.245
-0.225
-0.22
-0.212
-0.225
-0.23
-0.23
-0.21
-0.225
-0.235
-0.23
-0.223
-0.24
-0.223
-0.207
-0.215
-0.22
-0.247
-0.235
-0.228
-0.228
-0.24
-0.245
-0.24
-0.24
-0.26
-0.212
-0.212
-0.22
-0.23
-0.225
-0.235
-0.215
-0.22
-0.198
-0.175
-0.195
-0.2
-0.188
-0.175
-0.163
-0.145
-0.15
-0.133
-0.138
-0.14
-0.16
-0.175
-0.195
-0.212
-0.223
-0.235
-0.245
-0.255
-0.255
-0.245
-0.253
-0.25
-0.247
-0.253
-0.268
-0.282
-0.265
-0.328
-0.445
-0.583
-0.682
-0.652
-0.477
-0.193
0.195
0.743
1.167
1.248
1.107
0.943
0.745
0.468
0.217
0.043
-0.07
-0.15
-0.185
-0.217
-0.233
-0.255
-0.263
-0.287
-0.265
-0.29
-0.3
-0.285
-0.282
-0.297
-0.305
-0.275
-0.3
-0.295
-0.295
-0.287
-0.285
-0.3
-0.31
-0.305
-0.292
-0.287
-0.297
-0.3
-0.29
-0.3
-0.295
-0.305
-0.3
-0.3
-0.315
-0.297
-0.295
-0.3
-0.302
-0.282
-0.282
-0.278
-0.275
-0.295
-0.282
-0.282
-0.278
-0.265
-0.235
-0.245
-0.23
-0.22
-0.21
-0.215
-0.193
-0.185
-0.172
-0.175
-0.155
-0.138
-0.135
-0.135
-0.135
-0.152
-0.152
-0.17
-0.188
-0.175
-0.177
-0.182
-0.21
-0.203
-0.19
-0.185
-0.205
-0.205
-0.207
-0.198
-0.21
-0.212
-0.188
-0.205
-0.215
-0.225
-0.205
-0.205
-0.215
-0.215
-0.203
-0.21
-0.205
-0.23
-0.215
-0.203
-0.23
-0.21
-0.203
-0.215
-0.212
-0.21
-0.198
-0.203
-0.205
-0.23
-0.205
-0.198
-0.21
-0.217
-0.207
-0.203
-0.215
-0.198
-0.195
-0.193
-0.203
-0.195
-0.203
-0.203
-0.205
-0.205
-0.203
-0.193
-0.203
-0.203
-0.203
-0.193
-0.207
-0.2
-0.203
-0.182
-0.19
-0.198
-0.195
-0.185
-0.182
-0.193
-0.185
-0.19
-0.18
-0.19
-0.203
-0.185
-0.175
-0.18
-0.18
-0.182
-0.165
-0.155
-0.175
-0.165
-0.16
-0.16
-0.158
-0.147
-0.133
-0.147
-0.168
-0.152
-0.14
-0.15
-0.155
-0.135
-0.165
-0.142
-0.16
-0.125
-0.11
-0.105
-0.113
-0.115
-0.102
-0.09
-0.085
-0.07
-0.08
-0.065
-0.065
-0.062
-0.075
-0.075
-0.095
-0.095
-0.102
-0.122
-0.158
-0.155
-0.168
-0.177
-0.168
-0.158
-0.155
-0.145
-0.155
-0.17
-0.175
-0.19
-0.305
-0.445
-0.562
-0.598
-0.515
-0.268
0.087
0.598
1.107
1.343
1.268
1.127
0.953
0.698
0.453
0.255
0.085
-0.003
-0.058
-0.102
-0.125
-0.158
-0.16
-0.185
-0.193
-0.205
-0.205
-0.225
-0.215
-0.212
-0.212
-0.22
-0.22
-0.205
-0.203
-0.207
-0.215
-0.207
-0.207
-0.223
-0.225
-0.22
-0.22
-0.215
-0.228
-0.22
-0.23
-0.223
-0.23
-0.225
-0.215
-0.22
-0.233
-0.233
-0.23
-0.235
-0.223
-0.223
-0.205
-0.205
-0.203
-0.193
-0.165
-0.172
-0.165
-0.142
-0.133
-0.113
-0.105
-0.1
-0.077
-0.085
-0.072
-0.055
-0.025
-0.03
-0.037
-0.033
-0.035
-0.052
-0.075
-0.075
-0.085
-0.095
-0.122
-0.13
-0.11
-0.122
-0.117
-0.115
-0.115
-0.117
-0.133
-0.125
-0.125
-0.135
-0.12
-0.14
-0.12
-0.13
-0.135
-0.125
-0.12
-0.13
-0.145
-0.14
-0.145
-0.142
-0.155
-0.147
-0.133
-0.11
-0.128
-0.15
-0.142
-0.14
-0.128
-0.135
-0.133
-0.142
-0.145
-0.145
-0.142
-0.142
-0.155
-0.17
-0.16
-0.15
-0.17
-0.16
-0.155
-0.145
-0.145
-0.138
-0.165
-0.145
-0.142
-0.155
-0.155
-0.145
-0.16
-0.145
-0.152
-0.145
-0.145
-0.138
-0.155
-0.163
-0.142
-0.16
-0.152
-0.152
-0.138
-0.142
-0.142
-0.15
-0.15
-0.147
-0.165
-0.14
-0.14
-0.155
-0.168
-0.155
-0.17
-0.16
-0.158
-0.147
-0.142
-0.16
-0.152
-0.152
-0.147
-0.155
-0.165
-0.165
-0.16
-0.135
-0.135
-0.147
-0.152
-0.14
-0.142
-0.158
-0.135
-0.138
-0.15
-0.15
-0.145
-0.128
-0.115
-0.1
-0.092
-0.092
-0.102
-0.102
-0.087
-0.085
-0.075
-0.052
-0.043
-0.033
-0.05
-0.07
-0.068
-0.08
-0.102
-0.117
-0.122
-0.142
-0.16
-0.16
-0.142
-0.142
-0.155
-0.17
-0.15
-0.142
-0.145
-0.182
-0.24
-0.355
-0.502
-0.613
-0.58
-0.412
-0.142
0.268
0.823
1.252
1.327
1.198
1.062
0.882
0.627
0.385
0.195
0.058
-0.028
-0.07
-0.125
-0.145
-0.155
-0.19
-0.205
-0.203
-0.225
-0.22
-0.21
-0.215
-0.215
-0.217
-0.23
-0.223
-0.203
-0.223
-0.223
-0.22
-0.217
-0.212
-0.22
-0.205
-0.2
-0.21
-0.21
-0.205
-0.19
-0.203
-0.225
-0.22
-0.215
-0.212
-0.22
-0.207
-0.207
-0.22
-0.212
-0.21
-0.203
-0.195
-0.198
-0.195
-0.165
-0.155
-0.155
-0.145
-0.13
-0.125
-0.125
-0.095
-0.092
-0.085
-0.08
-0.048
-0.035
-0.025
-0.04
-0.022
-0.02
-0.025
-0.022
-0.025
-0.033
-0.052
-0.065
-0.085
-0.075
-0.1
-0.098
-0.095
-0.105
-0.102
-0.105
-0.11
-0.117
-0.115
-0.125
-0.128
-0.115
-0.12
-0.13
-0.13
-0.128
-0.113
-0.11
-0.13
-0.11
-0.115
-0.128
-0.122
-0.13
-0.13
-0.133
-0.13
-0.13
-0.115
-0.125
-0.135
-0.14
-0.135
-0.14
-0.14
-0.145
-0.142
-0.135
-0.145
-0.142
-0.15
-0.145
-0.15
-0.145
-0.142
-0.138
-0.155
-0.158
-0.14
-0.135
-0.15
-0.16
-0.15
-0.145
-0.15
-0.152
-0.138
-0.155
-0.15
-0.16
-0.155
-0.138
-0.142
-0.155
-0.142
-0.13
-0.125
-0.13
-0.128
-0.122
-0.125
-0.14
-0.125
-0.11
-0.133
-0.135
-0.125
-0.128
-0.13
-0.138
-0.14
-0.135
-0.135
-0.14
-0.14
-0.155
-0.138
-0.145
-0.138
-0.13
-0.133
-0.138
-0.152
-0.16
-0.145
-0.155
-0.152
-0.152
-0.142
-0.142
-0.16
-0.133
-0.14
-0.145
-0.152
-0.142
-0.155
-0.135
-0.125
-0.105
-0.11
-0.115
-0.107
-0.102
-0.065
-0.075
-0.062
-0.062
-0.062
-0.065
-0.072
-0.09
-0.11
-0.107
-0.115
-0.125
-0.145
-0.168
-0.16
-0.155
-0.145
-0.155
-0.15
-0.16
-0.152
-0.15
-0.177
-0.223
-0.273
-0.43
-0.575
-0.637
-0.57
-0.335
-0.015
0.453
1.008
1.302
1.255
1.14
1.002
0.767
0.5
0.285
0.115
-0.003
-0.068
-0.122
-0.12
-0.147
-0.16
-0.182
-0.195
-0.193
-0.2
-0.21
-0.195
-0.205
-0.225
-0.217
-0.212
-0.205
-0.22
-0.223
-0.223
-0.225
-0.22
-0.228
-0.23
-0.215
-0.215
-0.235
-0.23
-0.22
-0.225
-0.233
-0.245
-0.223
-0.22
-0.228
-0.223
-0.215
-0.21
-0.245
-0.245
-0.23
-0.22
-0.235
-0.233
-0.21
-0.195
-0.185
-0.195
-0.193
-0.168
-0.16
-0.158
-0.135
-0.11
-0.102
-0.1
-0.085
-0.075
-0.065
-0.072
-0.045
-0.048
-0.037
-0.055
-0.052
-0.05
-0.068
-0.092
-0.09
-0.085
-0.08
-0.095
-0.1
-0.102
-0.11
-0.125
-0.128
-0.107
-0.11
-0.125
-0.122
-0.125
-0.135
-0.125
-0.135
-0.128
-0.122
-0.13
-0.14
-0.13
-0.135
-0.138
-0.125
-0.13
-0.125
-0.14
-0.145
-0.145
-0.15
-0.145
-0.15
-0.133
-0.152
-0.135
-0.155
-0.16
-0.145
-0.15
-0.152
-0.152
-0.155
-0.16
-0.163
-0.165
-0.147
-0.155
-0.155
-0.152
-0.145
-0.168
-0.152
-0.165
-0.168
-0.158
-0.15
-0.14
-0.145
-0.152
-0.16
-0.155
-0.147
-0.152
-0.16
-0.152
-0.155
-0.158
-0.155
-0.15
-0.16
-0.172
-0.17
-0.163
-0.16
-0.152
-0.155
-0.152
-0.158
-0.152
-0.16
-0.15
-0.147
-0.152
-0.152
-0.142
-0.152
-0.155
-0.145
-0.152
-0.152
-0.16
-0.155
-0.142
-0.165
-0.147
-0.155
-0.142
-0.133
-0.135
-0.125
-0.133
-0.147
-0.172
-0.145
-0.135
-0.113
-0.115
-0.113
-0.12
-0.105
-0.122
-0.087
-0.083
-0.075
-0.072
-0.043
-0.033
-0.062
-0.085
-0.113
-0.113
-0.145
-0.135
-0.152
-0.152
-0.142
-0.165
-0.13
-0.14
-0.145
-0.147
-0.145
-0.15
-0.165
-0.193
-0.295
-0.427
-0.56
-0.593
-0.477
-0.237
0.117
0.608
1.087
1.302
1.195
1.083
0.902
0.657
0.415
0.205
0.08
-0.033
-0.07
-0.115
-0.142
-0.145
-0.152
-0.168
-0.175
-0.195
-0.193
-0.207
-0.205
-0.203
-0.172
-0.205
-0.23
-0.217
-0.22
-0.203
-0.223
-0.23
-0.228
-0.217
-0.205
-0.23
-0.21
-0.215
-0.225
-0.207
-0.195
-0.217
-0.212
-0.205
-0.215
-0.205
-0.205
-0.207
-0.21
-0.215
-0.203
-0.217
-0.185
-0.182
-0.18
-0.18
-0.16
-0.155
-0.165
-0.155
-0.155
-0.138
-0.133
-0.115
-0.087
-0.095
-0.087
-0.065
-0.033
-0.03
-0.035
-0.035
-0.033
-0.045
-0.068
-0.055
-0.065
-0.065
-0.095
-0.098
-0.092
-0.098
-0.105
-0.105
-0.115
-0.135
-0.117
-0.12
-0.125
-0.133
-0.14
-0.145
-0.125
-0.128
-0.13
-0.14
-0.117
-0.102
-0.085
-0.035
-0.005
0.045
0.115
0.235
0.367
0.507
0.588
0.588
0.388
-0.198
-0.838
-1.202
-1.317
-1.327
-1.262
-1.147
-0.92
-0.713
-0.557
-0.477
-0.448
-0.453
-0.463
-0.49
-0.492
-0.487
-0.48
-0.412
-0.305
-0.193
-0.15
-0.095
-0.052
-0.02
-0.013
0.015
0.028
0.045
0.06
0.055
0.065
0.095
0.087
0.095
0.11
0.145
0.128
0.147
0.163
0.165
0.17
0.185
0.217
0.235
0.247
0.287
0.318
0.355
0.395
0.427
0.482
0.547
0.595
0.627
0.675
0.7
0.715
0.725
0.738
0.713
0.688
0.662
0.615
0.583
0.522
0.465
0.422
0.378
0.32
0.275
0.225
0.185
0.128
0.105
0.075
0.045
0.028
-0.01
-0.003
-0.015
-0.022
-0.043
-0.025
-0.035
-0.03
-0.045
-0.05
-0.02
-0.045
-0.055
-0.052
-0.033
-0.055
-0.045
-0.048
-0.048
-0.052
-0.06
-0.045
-0.045
-0.065
-0.06
-0.055
-0.055
-0.065
-0.07
-0.07
-0.072
-0.08
-0.072
-0.075
-0.06
-0.06
-0.08
-0.055
-0.06
-0.08
-0.085
-0.083
-0.085
-0.08
-0.087
-0.075
-0.062
-0.075
-0.083
-0.075
-0.07
-0.095
-0.085
-0.08
-0.068
-0.08
-0.085
-0.08
-0.065
-0.062
-0.085
-0.085
-0.055
-0.08
-0.087
-0.075
-0.075
-0.085
-0.065
-0.08
-0.075
-0.08
-0.075
-0.072
-0.087
-0.085
-0.105
-0.09
-0.092
-0.072
-0.062
-0.062
-0.062
-0.065
-0.075
-0.092
-0.065
-0.075
-0.072
-0.065
-0.077
-0.068
-0.05
-0.075
-0.06
-0.062
-0.075
-0.09
-0.055
-0.07
-0.08
-0.075
-0.065
-0.055
-0.045
-0.045
-0.045
-0.033
-0.052
-0.048
-0.05
-0.035
-0.052
-0.043
-0.055
-0.045
-0.045
-0.045
-0.06
-0.04
-0.055
-0.065
-0.035
-0.05
-0.04
-0.045
-0.04
-0.043
-0.05
-0.06
-0.052
-0.05
-0.05
-0.05
-0.05
-0.06
-0.055
-0.06
-0.052
-0.045
-0.043
-0.062
-0.065
-0.055
-0.045
-0.05
-0.043
-0.045
-0.035
-0.02
-0.02
-0.035
-0.033
-0.045
-0.05
-0.035
-0.035
-0.033
-0.03
-0.025
-0.025
-0.033
-0.045
-0.043
-0.035
-0.015
-0.035
-0.043
-0.045
-0.043
-0.033
-0.045
-0.035
-0.022
-0.048
-0.052
-0.045
-0.043
-0.043
-0.045
-0.035
-0.025
-0.035
-0.045
-0.04
-0.035
-0.04
-0.043
-0.043
-0.035
-0.043
-0.033
-0.03
-0.03
-0.043
-0.037
-0.052
-0.035
-0.035
-0.043
-0.048
-0.028
-0.043
-0.045
-0.028
-0.015
-0.02
-0.022
-0.025
-0.02
-0.015
-0.037
-0.035
-0.035
-0.033
-0.037
-0.028
-0.033
-0.043
-0.025
-0.045
-0.03
-0.03
-0.035
-0.025
-0.02
0.005
0.005
0.005
-0.022
0.003
0.02
0.035
0.028
0.05
0.037
0.025
0.035
0.025
0.02
0.005
0.007
-0.02
-0.022
-0.035
-0.06
-0.05
-0.055
-0.055
-0.062
-0.052
-0.058
-0.058
-0.087
-0.152
-0.253
-0.415
-0.507
-0.5
-0.335
-0.068
0.318
0.843
1.265
1.357
1.242
1.117
0.927
0.672
0.453
0.282
0.158
0.055
0.01
-0.025
-0.058
-0.075
-0.1
-0.113
-0.107
-0.122
-0.122
-0.138
-0.133
-0.122
-0.155
-0.145
-0.152
-0.142
-0.165
-0.16
-0.152
-0.147
-0.16
-0.155
-0.155
-0.142
-0.165
-0.16
-0.145
-0.155
-0.165
-0.16
-0.155
-0.155
-0.16
-0.165
-0.145
-0.15
-0.168
-0.16
-0.145
-0.15
-0.152
-0.155
-0.133
-0.135
-0.128
-0.125
-0.102
-0.102
-0.11
-0.095
-0.083
-0.072
-0.07
-0.055
-0.052
-0.04
-0.025
-0.018
-0.005
-0.005
-0.003
-0.003
0.007
0.015
0.005
0.013
-0.007
-0.005
-0.02
-0.025
-0.03
-0.022
-0.043
-0.06
-0.04
-0.04
-0.05
-0.08
-0.058
-0.055
-0.05
-0.055
-0.055
-0.043
-0.062
-0.065
-0.055
-0.062
-0.043
-0.062
-0.052
-0.055
-0.052
-0.08
-0.065
-0.062
-0.075
-0.09
-0.07
-0.075
-0.075
-0.08
-0.072
-0.075
-0.085
-0.1
-0.092
-0.098
-0.092
-0.105
-0.095
-0.09
-0.1
-0.105
-0.095
-0.095
-0.11
-0.12
-0.115
-0.11
-0.105
-0.11
-0.092
-0.1
-0.105
-0.115
-0.085
-0.1
-0.102
-0.107
-0.085
-0.1
-0.095
-0.092
-0.092
-0.092
-0.085
-0.095
-0.095
-0.08
-0.075
-0.095
-0.075
-0.092
-0.083
-0.09
-0.09
-0.095
-0.09
-0.085
-0.1
-0.098
-0.085
-0.085
-0.095
-0.085
-0.092
-0.087
-0.095
-0.085
-0.085
-0.08
-0.092
-0.1
-0.085
-0.085
-0.092
-0.085
-0.085
-0.08
-0.077
-0.09
-0.09
-0.085
-0.095
-0.09
-0.07
-0.055
-0.07
-0.085
-0.052
-0.043
-0.035
-0.025
-0.003
-0.01
-0.022
-0.025
-0.033
-0.045
-0.08
-0.085
-0.092
-0.102
-0.115
-0.122
-0.13
-0.13
-0.125
-0.125
-0.125
-0.13
-0.14
-0.165
-0.205
-0.305
-0.463
-0.58
-0.618
-0.512
-0.282
0.058
0.547
1.052
1.288
1.222
1.103
0.973
0.733
0.492
0.265
0.115
0.015
-0.05
-0.105
-0.115
-0.145
-0.165
-0.19
-0.193
-0.203
-0.215
-0.217
-0.205
-0.205
-0.223
-0.217
-0.21
-0.205
-0.225
-0.225
-0.223
-0.203
-0.23
-0.235
-0.212
-0.21
-0.22
-0.23
-0.23
-0.212
-0.225
-0.235
-0.212
-0.223
-0.25
-0.25
-0.24
-0.233
-0.247
-0.242
-0.247
-0.245
-0.24
-0.223
-0.22
-0.21
-0.22
-0.205
-0.203
-0.203
-0.185
-0.17
-0.165
-0.145
-0.145
-0.142
-0.125
-0.122
-0.11
-0.1
-0.1
-0.092
-0.095
-0.102
-0.095
-0.105
-0.133
-0.13
-0.145
-0.15
-0.16
-0.16
-0.155
-0.16
-0.165
-0.168
-0.18
-0.17
-0.163
-0.168
-0.155
-0.17
-0.182
-0.172
-0.165
-0.18
-0.198
-0.185
-0.175
-0.165
-0.19
-0.19
-0.168
-0.182
-0.185
-0.193
-0.18
-0.168
-0.188
-0.193
-0.2
-0.21
-0.188
-0.22
-0.223
-0.207
-0.223
-0.182
-0.195
-0.182
-0.188
-0.228
-0.21
-0.205
-0.22
-0.217
-0.22
-0.215
-0.215
-0.223
-0.207
-0.203
-0.225
-0.215
-0.215
-0.203
-0.215
-0.21
-0.205
-0.21
-0.215
-0.212
-0.215
-0.195
-0.215
-0.23
-0.212
-0.203
-0.215
-0.217
-0.217
-0.203
-0.22
-0.21
-0.203
-0.21
-0.215
-0.21
-0.215
-0.22
-0.22
-0.215
-0.228
-0.21
-0.212
-0.19
-0.195
-0.203
-0.223
-0.21
-0.212
-0.21
-0.207
-0.207
-0.205
-0.203
-0.19
-0.212
-0.223
-0.2
-0.203
-0.193
-0.19
-0.165
-0.158
-0.175
-0.168
-0.15
-0.125
-0.133
-0.125
-0.105
-0.1
-0.11
-0.125
-0.152
-0.152
-0.172
-0.19
-0.198
-0.205
-0.225
-0.235
-0.215
-0.223
-0.21
-0.225
-0.21
-0.22
-0.245
-0.263
-0.347
-0.512
-0.637
-0.685
-0.568
-0.328
0.007
0.505
1.028
1.248
1.147
1.018
0.843
0.608
0.357
0.155
0.028
-0.072
-0.15
-0.207
-0.225
-0.215
-0.237
-0.255
-0.265
-0.25
-0.24
-0.25
-0.24
-0.245
-0.273
-0.255
-0.245
-0.255
-0.245
-0.26
-0.273
-0.292
-0.287
-0.31
-0.315
-0.29
-0.292
-0.3
-0.305
-0.29
-0.268
-0.295
-0.29
-0.28
-0.282
-0.275
-0.285
-0.292
-0.31
-0.307
-0.31
-0.29
-0.265
-0.273
-0.27
-0.27
-0.265
-0.27
-0.255
-0.247
-0.245
-0.233
-0.225
-0.215
-0.205
-0.193
-0.177
-0.195
-0.163
-0.175
-0.175
-0.17
-0.165
-0.142
-0.15
-0.145
-0.168
-0.177
-0.193
-0.203
-0.21
-0.22
-0.23
-0.225
-0.22
-0.223
-0.237
-0.237
-0.245
-0.25
-0.263
-0.237
-0.24
-0.23
-0.24
-0.24
-0.24
-0.265
-0.263
-0.28
-0.265
-0.273
-0.282
-0.275
-0.24
-0.235
-0.24
-0.253
-0.233
-0.24
-0.25
-0.245
-0.235
-0.253
-0.263
-0.263
-0.253
-0.247
-0.255
-0.247
-0.25
-0.282
-0.275
-0.287
-0.278
-0.265
-0.24
-0.263
-0.278
-0.265
-0.287
-0.295
-0.285
-0.295
-0.287
-0.29
-0.282
-0.28
-0.273
-0.282
-0.285
-0.273
-0.282
-0.282
-0.263
-0.278
-0.268
-0.287
-0.282
-0.287
-0.282
-0.285
-0.278
-0.282
-0.263
-0.282
-0.278
-0.242
-0.26
-0.253
-0.245
-0.24
-0.23
-0.25
-0.235
-0.237
-0.237
-0.24
-0.242
-0.25
-0.235
-0.24
-0.24
-0.237
-0.233
-0.23
-0.225
-0.215
-0.225
-0.223
-0.198
-0.185
-0.168
-0.16
-0.172
-0.165
-0.175
-0.205
-0.225
-0.23
-0.26
-0.265
-0.258
-0.26
-0.275
-0.297
-0.282
-0.278
-0.245
-0.273
-0.273
-0.285
-0.287
-0.4
-0.52
-0.667
-0.7
-0.613
-0.355
-0.033
0.477
0.998
1.212
1.135
0.983
0.807
0.552
0.302
0.085
-0.06
-0.142
-0.16
-0.205
-0.235
-0.24
-0.26
-0.27
-0.282
-0.287
-0.287
-0.315
-0.305
-0.297
-0.292
-0.292
-0.305
-0.3
-0.29
-0.307
-0.3
-0.33
-0.318
-0.333
-0.345
-0.325
-0.323
-0.33
-0.325
-0.323
-0.323
-0.335
-0.328
-0.32
-0.315
-0.333
-0.345
-0.325
-0.307
-0.318
-0.315
-0.335
-0.315
-0.318
-0.31
-0.297
-0.282
-0.285
-0.295
-0.273
-0.25
-0.247
-0.24
-0.233
-0.212
-0.223
-0.203
-0.19
-0.155
-0.155
-0.155
-0.155
-0.147
-0.16
-0.18
-0.18
-0.19
-0.195
-0.21
-0.215
-0.215
-0.212
-0.22
-0.24
-0.245
-0.24
-0.247
-0.25
-0.24
-0.23
-0.24
-0.258
-0.233
-0.23
-0.237
-0.25
-0.255
-0.24
-0.245
-0.255
-0.242
-0.235
-0.24
-0.25
-0.253
-0.237
-0.235
-0.237
-0.237
-0.228
-0.24
-0.253
-0.25
-0.237
-0.235
-0.24
-0.24
-0.235
-0.212
-0.235
-0.247
-0.237
-0.242
-0.26
-0.25
-0.245
-0.245
-0.245
-0.253
-0.242
-0.24
-0.24
-0.25
-0.233
-0.237
-0.23
-0.23
-0.215
-0.223
-0.223
-0.23
-0.21
-0.2
-0.205
-0.207
-0.19
-0.203
-0.212
-0.215
-0.212
-0.203
-0.203
-0.207
-0.203
-0.188
-0.2
-0.19
-0.185
-0.182
-0.188
-0.19
-0.185
-0.175
-0.168
-0.188
-0.185
-0.18
-0.165
-0.193
-0.185
-0.16
-0.155
-0.155
-0.15
-0.147
-0.142
-0.135
-0.13
-0.12
-0.115
-0.098
-0.085
-0.075
-0.085
-0.102
-0.14
-0.13
-0.135
-0.147
-0.17
-0.155
-0.17
-0.17
-0.168
-0.165
-0.17
-0.165
-0.172
-0.193
-0.203
-0.24
-0.39
-0.522
-0.613
-0.557
-0.383
-0.092
0.367
0.907
1.285
1.327
1.202
1.045
0.823
0.562
0.338
0.158
0.028
-0.033
-0.092
-0.135
-0.175
-0.182
-0.185
-0.205
-0.215
-0.233
-0.215
-0.235
-0.215
-0.223
-0.22
-0.235
-0.237
-0.223
-0.207
-0.228
-0.225
-0.223
-0.205
-0.235
-0.225
-0.23
-0.225
-0.225
-0.233
-0.212
-0.21
-0.217
-0.223
-0.215
-0.203
-0.223
-0.223
-0.212
-0.21
-0.215
-0.212
-0.205
-0.195
-0.195
-0.203
-0.177
-0.16
-0.155
-0.175
-0.155
-0.125
-0.113
-0.122
-0.105
-0.085
-0.072
-0.055
-0.03
-0.022
-0.025
-0.03
-0.03
-0.013
-0.022
-0.043
-0.052
-0.07
-0.075
-0.085
-0.098
-0.08
-0.095
-0.09
-0.122
-0.11
-0.11
-0.122
-0.128
-0.133
-0.115
-0.115
-0.128
-0.125
-0.1
-0.115
-0.125
-0.13
-0.11
-0.122
-0.13
-0.125
-0.13
-0.133
-0.122
-0.13
-0.125
-0.135
-0.152
-0.155
-0.145
-0.135
-0.145
-0.147
-0.145
-0.142
-0.15
-0.145
-0.138
-0.155
-0.15
-0.15
-0.142
-0.17
-0.16
-0.16
-0.145
-0.155
-0.15
-0.163
-0.155
-0.145
-0.16
-0.145
-0.133
-0.122
-0.142
-0.16
-0.155
-0.13
-0.147
-0.16
-0.15
-0.135
-0.135
-0.152
-0.133
-0.138
-0.138
-0.135
-0.155
-0.115
-0.13
-0.142
-0.135
-0.135
-0.13
-0.158
-0.142
-0.135
-0.135
-0.138
-0.14
-0.133
-0.135
-0.13
-0.142
-0.135
-0.14
-0.14
-0.13
-0.113
-0.122
-0.135
-0.155
-0.142
-0.117
-0.113
-0.11
-0.11
-0.095
-0.087
-0.095
-0.055
-0.05
-0.045
-0.05
-0.043
-0.033
-0.04
-0.06
-0.085
-0.087
-0.098
-0.113
-0.11
-0.125
-0.14
-0.152
-0.145
-0.15
-0.14
-0.135
-0.135
-0.135
-0.155
-0.215
-0.307
-0.463
-0.568
-0.605
-0.5
-0.255
0.087
0.588
1.097
1.337
1.272
1.137
0.988
0.748
0.522
0.297
0.125
0.025
-0.045
-0.105
-0.14
-0.16
-0.172
-0.195
-0.21
-0.225
-0.22
-0.223
-0.23
-0.255
-0.235
-0.24
-0.245
-0.215
-0.205
-0.195
-0.207
-0.217
-0.205
-0.24
-0.24
-0.228
-0.203
-0.203
-0.21
-0.212
-0.207
-0.21
-0.203
-0.223
-0.217
-0.24
-0.205
-0.225
-0.215
-0.212
-0.21
-0.212
-0.225
-0.205
-0.21
-0.215
-0.182
-0.175
-0.165
-0.16
-0.17
-0.145
-0.12
-0.125
-0.11
-0.1
-0.075
-0.08
-0.065
-0.055
-0.045
-0.06
-0.048
-0.052
-0.043
-0.055
-0.062
-0.06
-0.065
-0.085
-0.098
-0.113
-0.11
-0.11
-0.125
-0.125
-0.115
-0.122
-0.125
-0.135
-0.13
-0.133
-0.14
-0.125
-0.128
-0.12
-0.128
-0.13
-0.115
-0.122
-0.13
-0.122
-0.125
-0.11
-0.125
-0.13
-0.115
-0.107
-0.115
-0.105
-0.1
-0.115
-0.125
-0.12
-0.122
-0.12
-0.125
-0.135
-0.125
-0.13
-0.133
-0.128
-0.122
-0.13
-0.122
-0.138
-0.14
-0.135
-0.138
-0.14
-0.14
-0.145
-0.14
-0.145
-0.135
-0.133
-0.138
-0.135
-0.135
-0.13
-0.135
-0.14
-0.142
-0.13
-0.135
-0.142
-0.145
-0.125
-0.135
-0.14
-0.15
-0.142
-0.135
-0.145
-0.145
-0.145
-0.142
-0.138
-0.142
-0.135
-0.145
-0.15
-0.133
-0.133
-0.14
-0.138
-0.15
-0.135
-0.12
-0.135
-0.138
-0.115
-0.122
-0.128
-0.12
-0.122
-0.117
-0.13
-0.133
-0.1
-0.098
-0.083
-0.095
-0.087
-0.098
-0.09
-0.07
-0.055
-0.052
-0.043
-0.035
-0.025
-0.025
-0.072
-0.072
-0.072
-0.09
-0.113
-0.115
-0.13
-0.135
-0.165
-0.152
-0.135
-0.15
-0.155
-0.152
-0.152
-0.18
-0.24
-0.33
-0.475
-0.605
-0.632
-0.49
-0.253
0.155
0.677
1.163
1.32
1.205
1.06
0.868
0.608
0.378
0.185
0.055
-0.022
-0.072
-0.14
-0.155
-0.165
-0.18
-0.18
-0.18
-0.193
-0.193
-0.205
-0.225
-0.21
-0.212
-0.207
-0.215
-0.203
-0.215
-0.203
-0.215
-0.21
-0.21
-0.223
-0.203
-0.212
-0.212
-0.21
-0.203
-0.175
-0.185
-0.207
-0.195
-0.215
-0.21
-0.233
-0.215
-0.21
-0.198
-0.205
-0.21
-0.195
-0.198
-0.207
-0.223
-0.195
-0.175
-0.195
-0.17
-0.155
-0.138
-0.14
-0.142
-0.14
-0.105
-0.098
-0.08
-0.077
-0.062
-0.062
-0.058
-0.048
-0.052
-0.07
-0.06
-0.05
-0.055
-0.083
-0.098
-0.102
-0.122
-0.11
-0.068
-0.092
-0.102
-0.102
-0.125
-0.12
-0.115
-0.105
-0.122
-0.125
-0.117
-0.102
-0.125
-0.113
-0.115
-0.115
-0.122
-0.1
-0.105
-0.115
-0.095
-0.12
-0.095
-0.095
-0.105
-0.105
-0.105
-0.115
-0.105
-0.113
-0.092
-0.115
-0.115
-0.102
-0.095
-0.115
-0.117
-0.115
-0.115
-0.115
-0.105
-0.113
-0.115
-0.1
-0.11
-0.117
-0.13
-0.115
-0.115
-0.117
-0.133
-0.115
-0.115
-0.095
-0.1
-0.125
-0.142
-0.13
-0.122
-0.095
-0.13
-0.122
-0.115
-0.125
-0.125
-0.135
-0.125
-0.122
-0.12
-0.13
-0.095
-0.133
-0.133
-0.135
-0.11
-0.133
-0.145
-0.117
-0.105
-0.125
-0.135
-0.138
-0.128
-0.135
-0.128
-0.14
-0.12
-0.125
-0.135
-0.133
-0.13
-0.122
-0.135
-0.12
-0.12
-0.102
-0.107
-0.075
-0.09
-0.095
-0.102
-0.065
-0.055
-0.065
-0.033
-0.03
-0.033
-0.045
-0.065
-0.065
-0.087
-0.12
-0.122
-0.122
-0.13
-0.14
-0.142
-0.15
-0.138
-0.17
-0.172
-0.155
-0.185
-0.203
-0.237
-0.35
-0.495
-0.613
-0.605
-0.432
-0.145
0.207
0.762
1.192
1.285
1.143
1.028
0.855
0.613
0.328
0.158
0.04
-0.05
-0.115
-0.145
-0.155
-0.165
-0.203
-0.203
-0.215
-0.22
-0.235
-0.228
-0.225
-0.233
-0.253
-0.24
-0.24
-0.245
-0.268
-0.265
-0.253
-0.258
-0.26
-0.275
-0.253
-0.24
-0.255
-0.263
-0.26
-0.258
-0.263
-0.265
-0.258
-0.258
-0.273
-0.258
-0.255
-0.25
-0.263
-0.263
-0.258
-0.25
-0.25
-0.26
-0.25
-0.24
-0.198
-0.215
-0.205
-0.2
-0.203
-0.175
-0.17
-0.142
-0.155
-0.15
-0.125
-0.113
-0.113
-0.107
-0.095
-0.092
-0.095
-0.102
-0.11
-0.1
-0.128
-0.14
-0.155
-0.158
-0.17
-0.16
-0.16
-0.172
-0.185
-0.182
-0.185
-0.185
-0.18
-0.193
-0.18
-0.172
-0.175
-0.182
-0.193
-0.172
-0.17
-0.155
-0.175
-0.175
-0.17
-0.16
-0.17
-0.152
-0.147
-0.16
-0.155
-0.14
-0.155
-0.168
-0.188
-0.195
-0.175
-0.172
-0.18
-0.18
-0.182
-0.185
-0.185
-0.18
-0.175
-0.203
-0.195
-0.195
-0.203
-0.195
-0.193
-0.182
-0.188
-0.198
-0.198
-0.193
-0.185
-0.198
-0.203
-0.205
-0.185
-0.19
-0.185
-0.195
-0.155
-0.125
-0.14
-0.152
-0.142
-0.147
-0.182
-0.175
-0.16
-0.168
-0.172
-0.16
-0.155
-0.163
-0.145
-0.145
-0.182
-0.175
-0.188
-0.168
-0.165
-0.172
-0.182
-0.175
-0.16
-0.138
-0.138
-0.152
-0.142
-0.17
-0.16
-0.17
-0.165
-0.165
-0.175
-0.172
-0.175
-0.177
-0.172
-0.185
-0.168
-0.135
-0.147
-0.14
-0.145
-0.133
-0.11
-0.11
-0.092
-0.085
-0.072
-0.075
-0.072
-0.08
-0.105
-0.125
-0.13
-0.128
-0.16
-0.172
-0.185
-0.18
-0.175
-0.193
-0.193
-0.172
-0.18
-0.19
-0.217
-0.215
-0.255
-0.343
-0.46
-0.585
-0.627
-0.532
-0.32
-0.005
0.465
0.973
1.268
1.192
1.06
0.902
0.682
0.412
0.2
0.048
-0.052
-0.113
-0.16
-0.18
-0.21
-0.23
-0.23
-0.24
-0.253
-0.25
-0.245
-0.255
-0.27
-0.258
-0.258
-0.275
-0.268
-0.265
-0.27
-0.245
-0.278
-0.27
-0.26
-0.27
-0.26
-0.275
-0.265
-0.27
-0.265
-0.273
-0.255
-0.265
-0.282
-0.28
-0.263
-0.282
-0.268
-0.275
-0.26
-0.265
-0.265
-0.258
-0.253
-0.247
-0.26
-0.25
-0.24
-0.223
-0.223
-0.21
-0.182
-0.182
-0.175
-0.15
-0.142
-0.135
-0.138
-0.113
-0.092
-0.087
-0.1
-0.092
-0.095
-0.105
-0.135
-0.135
-0.135
-0.135
-0.142
-0.155
-0.145
-0.158
-0.17
-0.165
-0.168
-0.16
-0.172
-0.18
-0.17
-0.175
-0.177
-0.17
-0.155
-0.147
-0.155
-0.145
-0.16
-0.165
-0.165
-0.152
-0.16
-0.17
-0.165
-0.165
-0.155
-0.172
-0.17
-0.152
-0.145
-0.16
-0.165
-0.16
-0.145
-0.147
-0.165
-0.165
-0.155
-0.155
-0.16
-0.145
-0.152
-0.15
-0.16
-0.175
-0.165
-0.155
-0.158
-0.16
-0.142
-0.147
-0.17
-0.155
-0.125
-0.13
-0.145
-0.133
-0.128
-0.138
-0.135
-0.135
-0.14
-0.14
-0.135
-0.133
-0.13
-0.138
-0.15
-0.152
-0.13
-0.125
-0.135
-0.135
-0.122
-0.12
-0.14
-0.117
-0.125
-0.142
-0.117
-0.122
-0.117
-0.135
-0.115
-0.117
-0.107
-0.113
-0.115
-0.12
-0.115
-0.1
-0.113
-0.113
-0.105
-0.065
-0.085
-0.102
-0.115
-0.107
-0.075
-0.062
-0.07
-0.072
-0.065
-0.048
-0.045
-0.037
-0.025
-0.013
-0.015
-0.01
-0.013
-0.043
-0.05
-0.048
-0.062
-0.092
-0.095
-0.105
-0.098
-0.113
-0.125
-0.115
-0.105
-0.105
-0.122
-0.11
-0.113
-0.147
-0.212
-0.29
-0.465
-0.555
-0.557
-0.41
-0.158
0.255
0.767
1.228
1.335
1.248
1.107
0.927
0.688
0.443
0.255
0.115
0.04
-0.035
-0.085
-0.113
-0.115
-0.135
-0.155
-0.158
-0.16
-0.17
-0.185
-0.185
-0.182
-0.182
-0.2
-0.207
-0.203
-0.185
-0.188
-0.198
-0.18
-0.185
-0.175
-0.193
-0.175
-0.175
-0.193
-0.182
-0.188
-0.19
-0.203
-0.21
-0.21
-0.203
-0.205
-0.198
-0.21
-0.205
-0.203
-0.19
-0.198
-0.195
-0.185
-0.185
-0.175
-0.16
-0.155
-0.155
-0.14
-0.115
-0.115
-0.102
-0.09
-0.08
-0.072
-0.062
-0.052
-0.052
-0.025
-0.043
-0.018
-0.02
-0.033
-0.045
-0.055
-0.055
-0.08
-0.095
-0.1
-0.095
-0.11
-0.115
-0.105
-0.12
-0.125
-0.13
-0.113
-0.11
-0.13
-0.125
-0.115
-0.13
-0.12
-0.13
-0.13
-0.13
-0.125
-0.135
-0.122
-0.115
-0.13
-0.122
-0.1
-0.062
-0.025
-0.005
0.025
0.085
0.207
0.323
0.415
0.502
0.487
0.287
-0.242
-0.787
-1.087
-1.198
-1.212
-1.202
-1.117
-0.938
-0.752
-0.595
-0.5
-0.468
-0.463
-0.48
-0.487
-0.502
-0.51
-0.492
-0.453
-0.372
-0.263
-0.182
-0.1
-0.08
-0.055
-0.022
-0.028
-0.02
-0.005
0.005
-0.003
0.018
0.045
0.035
0.055
0.055
0.077
0.08
0.085
0.085
0.087
0.107
0.12
0.128
0.145
0.165
0.203
0.228
0.278
0.323
0.362
0.407
0.468
0.542
0.583
0.642
0.647
0.662
0.667
0.688
0.672
0.675
0.642
0.627
0.615
0.562
0.537
0.46
0.417
0.367
0.325
0.265
0.215
0.175
0.13
0.08
0.048
0.018
-0.005
-0.045
-0.07
-0.068
-0.077
-0.087
-0.102
-0.098
-0.087
-0.105
-0.11
-0.113
-0.09
-0.11
-0.102
-0.09
-0.095
-0.105
-0.105
-0.09
-0.085
-0.098
-0.105
-0.105
-0.092
-0.113
-0.115
-0.113
-0.1
-0.102
-0.102
-0.102
-0.105
-0.113
-0.117
-0.113
-0.1
-0.117
-0.122
-0.125
-0.12
-0.115
-0.115
-0.13
-0.107
-0.125
-0.12
-0.133
-0.128
-0.13
-0.135
-0.13
-0.125
-0.145
-0.14
-0.138
-0.128
-0.133
-0.135
-0.125
-0.13
-0.145
-0.138
-0.145
-0.14
-0.133
-0.142
-0.138
-0.138
-0.13
-0.13
-0.128
-0.14
-0.145
-0.155
-0.145
-0.152
-0.145
-0.145
-0.15
-0.14
-0.135
-0.142
-0.15
-0.155
-0.138
-0.14
-0.145
-0.133
-0.135
-0.128
-0.158
-0.135
-0.14
-0.14
-0.155
-0.14
-0.15
-0.14
-0.145
-0.15
-0.138
-0.158
-0.165
-0.17
-0.145
-0.155
-0.142
-0.155
-0.133
-0.145
-0.14
-0.117
-0.122
-0.122
-0.122
-0.145
-0.115
-0.125
-0.115
-0.122
-0.125
-0.105
-0.125
-0.135
-0.122
-0.125
-0.115
-0.122
-0.145
-0.122
-0.135
-0.13
-0.12
-0.115
-0.122
-0.138
-0.122
-0.113
-0.125
-0.15
-0.135
-0.135
-0.122
-0.138
-0.135
-0.133
-0.133
-0.14
-0.14
-0.122
-0.122
-0.135
-0.142
-0.145
-0.15
-0.14
-0.14
-0.125
-0.135
-0.135
-0.15
-0.133
-0.12
-0.113
-0.115
-0.122
-0.125
-0.125
-0.125
-0.12
-0.102
-0.115
-0.113
-0.11
-0.105
-0.11
-0.122
-0.122
-0.107
-0.113
-0.113
-0.113
-0.105
-0.107
-0.113
-0.105
-0.09
-0.115
-0.122
-0.117
-0.11
-0.115
-0.095
-0.113
-0.102
-0.092
-0.095
-0.102
-0.09
-0.085
-0.105
-0.092
-0.1
-0.083
-0.102
-0.09
-0.08
-0.095
-0.092
-0.085
-0.075
-0.07
-0.065
-0.065
-0.06
-0.062
-0.033
-0.003
0.037
0.043
0.037
0.045
0.037
0.035
0.035
0.043
0.055
0.035
0.007
-0.013
-0.025
-0.04
-0.072
-0.072
-0.065
-0.085
-0.095
-0.095
-0.095
-0.102
-0.125
-0.11
-0.107
-0.13
-0.165
-0.223
-0.362
-0.497
-0.562
-0.487
-0.258
0.045
0.517
1.077
1.353
1.288
1.143
1.002
0.782
0.515
0.305
0.165
0.075
-0.003
-0.043
-0.07
-0.095
-0.102
-0.113
-0.128
-0.117
-0.133
-0.15
-0.147
-0.125
-0.152
-0.155
-0.152
-0.142
-0.15
-0.155
-0.155
-0.15
-0.15
-0.142
-0.145
-0.135
-0.142
-0.14
-0.135
-0.145
-0.142
-0.152
-0.135
-0.13
-0.125
-0.15
-0.142
-0.13
-0.135
-0.145
-0.125
-0.13
-0.122
-0.125
-0.107
-0.105
-0.092
-0.105
-0.09
-0.065
-0.065
-0.052
-0.062
-0.043
-0.035
-0.025
-0.015
0.018
0.025
0.028
0.037
0.045
0.058
0.048
0.065
0.068
0.06
0.033
0.028
0.022
0.02
0.005
-0.003
0.003
-0.02
-0.015
-0.03
-0.025
-0.025
-0.035
-0.043
-0.035
-0.022
-0.05
-0.045
-0.035
-0.03
-0.043
-0.05
-0.033
-0.03
-0.045
-0.058
-0.045
-0.03
-0.052
-0.055
-0.055
-0.02
-0.022
-0.025
-0.033
-0.02
-0.07
-0.08
-0.065
-0.055
-0.062
-0.065
-0.062
-0.055
-0.052
-0.072
-0.065
-0.052
-0.052
-0.07
-0.07
-0.05
-0.06
-0.072
-0.072
-0.075
-0.065
-0.065
-0.072
-0.07
-0.07
-0.08
-0.075
-0.075
-0.07
-0.08
-0.068
-0.065
-0.08
-0.077
-0.077
-0.085
-0.075
-0.092
-0.09
-0.085
-0.087
-0.09
-0.092
-0.077
-0.072
-0.09
-0.095
-0.09
-0.07
-0.075
-0.08
-0.07
-0.07
-0.075
-0.077
-0.08
-0.068
-0.07
-0.075
-0.072
-0.062
-0.06
-0.052
-0.055
-0.045
-0.07
-0.055
-0.022
0.01
0.048
0.06
0.058
0.048
0.055
0.058
0.035
0.055
0.068
0.025
0.007
-0.003
-0.015
-0.043
-0.062
-0.07
-0.077
-0.095
-0.095
-0.1
-0.1
-0.115
-0.113
-0.107
-0.105
-0.13
-0.128
-0.13
-0.19
-0.3
-0.45
-0.562
-0.573
-0.432
-0.145
0.255
0.775
1.218
1.305
1.188
1.067
0.848
0.6
0.37
0.198
0.058
-0.013
-0.033
-0.065
-0.095
-0.105
-0.113
-0.142
-0.165
-0.155
-0.16
-0.165
-0.175
-0.163
-0.163
-0.175
-0.182
-0.185
-0.165
-0.17
-0.18
-0.172
-0.172
-0.175
-0.18
-0.17
-0.175
-0.17
-0.182
-0.175
-0.177
-0.17
-0.17
-0.165
-0.16
-0.16
-0.145
-0.142
-0.155
-0.147
-0.142
-0.133
-0.128
-0.125
-0.128
-0.115
-0.113
-0.1
-0.1
-0.075
-0.072
-0.062
-0.075
-0.062
-0.03
-0.003
-0.015
-0.005
0.005
0.005
-0.005
-0.005
-0.003
0.007
-0.005
-0.013
-0.015
-0.022
-0.043
-0.055
-0.043
-0.072
-0.065
-0.075
-0.06
-0.072
-0.08
-0.095
-0.08
-0.065
-0.095
-0.085
-0.07
-0.08
-0.07
-0.08
-0.07
-0.062
-0.075
-0.077
-0.072
-0.08
-0.077
-0.08
-0.072
-0.07
-0.075
-0.09
-0.085
-0.092
-0.105
-0.092
-0.09
-0.08
-0.09
-0.105
-0.1
-0.095
-0.085
-0.115
-0.098
-0.08
-0.1
-0.102
-0.102
-0.117
-0.113
-0.113
-0.11
-0.115
-0.102
-0.11
-0.125
-0.133
-0.115
-0.12
-0.122
-0.105
-0.087
-0.11
-0.113
-0.105
-0.1
-0.105
-0.11
-0.107
-0.105
-0.125
-0.105
-0.1
-0.107
-0.113
-0.105
-0.11
-0.105
-0.11
-0.102
-0.1
-0.092
-0.113
-0.1
-0.115
-0.085
-0.105
-0.11
-0.1
-0.102
-0.11
-0.11
-0.092
-0.085
-0.085
-0.083
-0.102
-0.083
-0.08
-0.068
-0.025
-0.013
-0.007
-0.013
-0.013
-0.013
-0.007
-0.025
-0.025
-0.022
-0.025
-0.062
-0.072
-0.08
-0.102
-0.128
-0.145
-0.142
-0.142
-0.135
-0.155
-0.138
-0.133
-0.17
-0.172
-0.165
-0.168
-0.19
-0.312
-0.44
-0.56
-0.58
-0.475
-0.21
0.138
0.588
1.083
1.298
1.2
1.067
0.892
0.657
0.4
0.205
0.068
-0.022
-0.08
-0.098
-0.122
-0.145
-0.152
-0.168
-0.175
-0.172
-0.172
-0.19
-0.228
-0.215
-0.21
-0.212
-0.212
-0.21
-0.198
-0.207
-0.215
-0.21
-0.207
-0.203
-0.203
-0.215
-0.195
-0.205
-0.193
-0.185
-0.185
-0.182
-0.198
-0.198
-0.193
-0.182
-0.182
-0.185
-0.19
-0.172
-0.18
-0.182
-0.17
-0.152
-0.145
-0.152
-0.14
-0.133
-0.115
-0.122
-0.105
-0.095
-0.08
-0.095
-0.092
-0.075
-0.065
-0.055
-0.055
-0.01
0.005
-0.003
-0.01
0.007
-0.003
0.003
-0.005
-0.013
-0.022
-0.025
-0.045
-0.043
-0.045
-0.045
-0.07
-0.055
-0.065
-0.06
-0.075
-0.055
-0.062
-0.07
-0.065
-0.052
-0.055
-0.062
-0.065
-0.052
-0.037
-0.035
-0.045
-0.068
-0.055
-0.065
-0.062
-0.065
-0.062
-0.062
-0.062
-0.062
-0.058
-0.052
-0.065
-0.075
-0.06
-0.06
-0.065
-0.062
-0.062
-0.065
-0.068
-0.062
-0.062
-0.07
-0.062
-0.068
-0.077
-0.065
-0.075
-0.08
-0.077
-0.062
-0.08
-0.075
-0.068
-0.075
-0.09
-0.105
-0.092
-0.09
-0.075
-0.075
-0.07
-0.055
-0.075
-0.077
-0.075
-0.055
-0.075
-0.085
-0.075
-0.062
-0.07
-0.075
-0.072
-0.07
-0.065
-0.08
-0.075
-0.065
-0.075
-0.085
-0.072
-0.065
-0.077
-0.075
-0.077
-0.07
-0.065
-0.075
-0.065
-0.055
-0.048
-0.072
-0.06
-0.045
-0.035
-0.045
-0.043
-0.033
-0.022
-0.03
-0.005
0.025
0.035
0.045
0.048
0.037
0.037
0.033
0.037
0.05
0.055
0.028
0.013
0.007
-0.013
-0.033
-0.068
-0.065
-0.08
-0.08
-0.075
-0.062
-0.075
-0.09
-0.085
-0.075
-0.075
-0.12
-0.185
-0.27
-0.427
-0.542
-0.537
-0.375
-0.105
0.268
0.797
1.25
1.337
1.22
1.087
0.897
0.642
0.405
0.225
0.098
0.015
-0.045
-0.075
-0.095
-0.115
-0.14
-0.155
-0.145
-0.15
-0.158
-0.165
-0.175
-0.155
-0.155
-0.17
-0.145
-0.135
-0.18
-0.172
-0.175
-0.165
-0.165
-0.182
-0.193
-0.165
-0.138
-0.155
-0.14
-0.14
-0.13
-0.135
-0.15
-0.142
-0.142
-0.135
-0.147
-0.135
-0.142
-0.14
-0.135
-0.142
-0.125
-0.115
-0.125
-0.122
-0.12
-0.102
-0.098
-0.085
-0.105
-0.075
-0.092
-0.075
-0.045
-0.035
-0.045
-0.035
-0.01
0.015
-0.003
0.018
0.005
0.015
-0.003
0.003
-0.003
-0.003
-0.03
-0.033
-0.025
-0.043
-0.058
-0.065
-0.065
-0.058
-0.065
-0.065
-0.065
-0.05
-0.072
-0.07
-0.055
-0.05
-0.07
-0.062
-0.08
-0.062
-0.065
-0.065
-0.07
-0.052
-0.075
-0.068
-0.058
-0.07
-0.062
-0.075
-0.075
-0.058
-0.072
-0.083
-0.08
-0.055
-0.072
-0.07
-0.072
-0.065
-0.062
-0.068
-0.068
-0.065
-0.06
-0.07
-0.062
-0.062
-0.068
-0.072
-0.077
-0.07
-0.055
-0.085
-0.07
-0.065
-0.08
-0.085
-0.08
-0.072
-0.08
-0.075
-0.087
-0.085
-0.092
-0.083
-0.075
-0.058
-0.06
-0.065
-0.065
-0.06
-0.055
-0.08
-0.07
-0.055
-0.062
-0.065
-0.062
-0.062
-0.043
-0.062
-0.065
-0.06
-0.05
-0.065
-0.052
-0.055
-0.065
-0.062
-0.055
-0.075
-0.065
-0.075
-0.068
-0.075
-0.085
-0.065
-0.05
-0.043
-0.04
-0.045
-0.048
-0.03
-0.003
0.005
0.037
0.043
0.037
0.013
0.028
0.028
0.03
0.035
0.007
-0.003
-0.015
-0.028
-0.052
-0.058
-0.075
-0.087
-0.102
-0.105
-0.105
-0.095
-0.115
-0.1
-0.115
-0.1
-0.135
-0.15
-0.217
-0.365
-0.507
-0.565
-0.527
-0.333
-0.035
0.407
0.958
1.278
1.3
1.173
1.048
0.805
0.562
0.362
0.203
0.075
0.005
-0.055
-0.08
-0.125
-0.147
-0.155
-0.155
-0.165
-0.185
-0.175
-0.175
-0.185
-0.195
-0.203
-0.198
-0.205
-0.22
-0.203
-0.185
-0.195
-0.207
-0.21
-0.21
-0.205
-0.22
-0.215
-0.203
-0.205
-0.21
-0.212
-0.21
-0.205
-0.215
-0.205
-0.203
-0.198
-0.193
-0.203
-0.188
-0.182
-0.19
-0.195
-0.185
-0.182
-0.168
-0.17
-0.145
-0.13
-0.135
-0.13
-0.122
-0.098
-0.095
-0.102
-0.065
-0.062
-0.062
-0.05
-0.025
-0.018
-0.03
-0.033
-0.043
-0.035
-0.043
-0.055
-0.07
-0.065
-0.065
-0.095
-0.09
-0.105
-0.098
-0.122
-0.115
-0.115
-0.11
-0.122
-0.122
-0.117
-0.115
-0.12
-0.11
-0.135
-0.135
-0.135
-0.135
-0.11
-0.135
-0.128
-0.133
-0.13
-0.12
-0.13
-0.135
-0.125
-0.115
-0.13
-0.115
-0.125
-0.115
-0.11
-0.122
-0.115
-0.12
-0.122
-0.125
-0.125
-0.122
-0.125
-0.125
-0.125
-0.117
-0.13
-0.14
-0.13
-0.133
-0.122
-0.145
-0.147
-0.125
-0.133
-0.142
-0.14
-0.145
-0.125
-0.138
-0.142
-0.142
-0.145
-0.142
-0.158
-0.15
-0.14
-0.142
-0.152
-0.125
-0.135
-0.152
-0.142
-0.122
-0.13
-0.138
-0.14
-0.135
-0.133
-0.135
-0.138
-0.115
-0.122
-0.145
-0.135
-0.12
-0.117
-0.125
-0.125
-0.125
-0.122
-0.122
-0.122
-0.117
-0.113
-0.102
-0.11
-0.107
-0.105
-0.1
-0.095
-0.075
-0.075
-0.085
-0.095
-0.083
-0.033
0.007
0.015
0.018
0.01
0.013
0.005
-0.003
-0.01
0.007
-0.003
-0.028
-0.025
-0.045
-0.062
-0.105
-0.113
-0.125
-0.122
-0.142
-0.145
-0.135
-0.133
-0.15
-0.16
-0.147
-0.145
-0.155
-0.168
-0.182
-0.205
-0.282
-0.453
-0.583
-0.647
-0.557
-0.34
-0.033
0.455
0.993
1.298
1.265
1.147
0.993
0.767
0.502
0.3
0.117
-0.003
-0.052
-0.1
-0.14
-0.158
-0.17
-0.193
-0.215
-0.21
-0.217
-0.203
-0.23
-0.24
-0.245
-0.228
-0.225
-0.25
-0.233
-0.223
-0.22
-0.242
-0.237
-0.205
-0.225
-0.223
-0.205
-0.21
-0.22
-0.225
-0.23
-0.223
-0.23
-0.242
-0.233
-0.247
-0.21
-0.228
-0.225
-0.225
-0.233
-0.233
-0.225
-0.212
-0.205
-0.205
-0.207
-0.19
-0.19
-0.185
-0.16
-0.14
-0.133
-0.15
-0.135
-0.115
-0.115
-0.113
-0.105
-0.085
-0.065
-0.08
-0.072
-0.068
-0.095
-0.1
-0.098
-0.105
-0.115
-0.135
-0.14
-0.145
-0.135
-0.16
-0.17
-0.15
-0.145
-0.177
-0.17
-0.165
-0.155
-0.177
-0.16
-0.165
-0.17
-0.185
-0.17
-0.145
-0.135
-0.16
-0.175
-0.155
-0.172
-0.175
-0.172
-0.182
-0.182
-0.165
-0.185
-0.172
-0.182
-0.185
-0.2
-0.195
-0.195
-0.205
-0.21
-0.203
-0.188
-0.215
-0.172
-0.177
-0.158
-0.17
-0.188
-0.18
-0.175
-0.175
-0.172
-0.17
-0.17
-0.185
-0.185
-0.177
-0.175
-0.195
-0.175
-0.163
-0.158
-0.175
-0.195
-0.17
-0.17
-0.17
-0.172
-0.172
-0.172
-0.182
-0.193
-0.19
-0.172
-0.198
-0.19
-0.17
-0.165
-0.19
-0.18
-0.165
-0.158
-0.177
-0.185
-0.19
-0.175
-0.185
-0.195
-0.185
-0.165
-0.185
-0.19
-0.19
-0.165
-0.165
-0.155
-0.152
-0.145
-0.147
-0.12
-0.098
-0.087
-0.055
-0.065
-0.06
-0.043
-0.05
-0.065
-0.072
-0.065
-0.05
-0.055
-0.07
-0.092
-0.105
-0.138
-0.163
-0.17
-0.175
-0.198
-0.205
-0.21
-0.203
-0.2
-0.205
-0.205
-0.207
-0.22
-0.215
-0.22
-0.233
-0.247
-0.31
-0.45
-0.608
-0.657
-0.608
-0.393
-0.09
0.347
0.905
1.232
1.2
1.048
0.902
0.688
0.445
0.212
0.058
-0.045
-0.13
-0.16
-0.212
-0.203
-0.207
-0.223
-0.23
-0.247
-0.245
-0.255
-0.255
-0.27
-0.253
-0.255
-0.265
-0.268
-0.268
-0.265
-0.255
-0.27
-0.263
-0.265
-0.278
-0.27
-0.27
-0.297
-0.29
-0.268
-0.282
-0.27
-0.265
-0.278
-0.27
-0.263
-0.27
-0.268
-0.315
-0.285
-0.295
-0.292
-0.265
-0.258
-0.255
-0.302
-0.268
-0.265
-0.245
-0.247
-0.23
-0.217
-0.212
-0.203
-0.203
-0.185
-0.155
-0.16
-0.15
-0.122
-0.122
-0.125
-0.115
-0.125
-0.145
-0.15
-0.152
-0.172
-0.177
-0.193
-0.188
-0.19
-0.203
-0.223
-0.225
-0.212
-0.228
-0.24
-0.24
-0.215
-0.23
-0.235
-0.24
-0.225
-0.23
-0.228
-0.21
-0.22
-0.215
-0.23
-0.237
-0.217
-0.235
-0.235
-0.233
-0.225
-0.225
-0.237
-0.23
-0.22
-0.215
-0.23
-0.23
-0.225
-0.23
-0.23
-0.26
-0.253
-0.263
-0.25
-0.255
-0.245
-0.223
-0.228
-0.223
-0.24
-0.22
-0.237
-0.245
-0.223
-0.205
-0.235
-0.23
-0.233
-0.225
-0.223
-0.217
-0.223
-0.215
-0.253
-0.245
-0.242
-0.228
-0.24
-0.235
-0.225
-0.225
-0.223
-0.245
-0.223
-0.23
-0.225
-0.228
-0.22
-0.217
-0.223
-0.223
-0.22
-0.215
-0.215
-0.228
-0.215
-0.205
-0.228
-0.21
-0.21
-0.205
-0.205
-0.205
-0.195
-0.19
-0.188
-0.2
-0.19
-0.175
-0.142
-0.13
-0.102
-0.098
-0.1
-0.11
-0.105
-0.095
-0.102
-0.08
-0.095
-0.105
-0.128
-0.128
-0.15
-0.165
-0.175
-0.21
-0.205
-0.19
-0.195
-0.2
-0.203
-0.195
-0.21
-0.22
-0.215
-0.223
-0.24
-0.372
-0.512
-0.62
-0.618
-0.505
-0.245
0.105
0.603
1.087
1.285
1.185
1.067
0.892
0.645
0.378
0.185
0.055
-0.048
-0.113
-0.128
-0.165
-0.182
-0.195
-0.188
-0.203
-0.205
-0.225
-0.212
-0.215
-0.228
-0.215
-0.207
-0.207
-0.23
-0.215
-0.21
-0.207
-0.225
-0.223
-0.212
-0.195
-0.22
-0.205
-0.188
-0.195
-0.205
-0.215
-0.212
-0.21
-0.223
-0.212
-0.21
-0.205
-0.193
-0.198
-0.203
-0.188
-0.203
-0.19
-0.182
-0.172
-0.163
-0.175
-0.145
-0.14
-0.125
-0.125
-0.11
-0.095
-0.09
-0.072
-0.065
-0.055
-0.055
-0.045
-0.035
-0.035
-0.015
-0.013
-0.02
-0.022
-0.028
-0.043
-0.075
-0.07
-0.077
-0.08
-0.085
-0.098
-0.085
-0.098
-0.105
-0.105
-0.1
-0.117
-0.133
-0.115
-0.122
-0.12
-0.125
-0.113
-0.122
-0.138
-0.152
-0.133
-0.122
-0.125
-0.12
-0.133
-0.135
-0.135
-0.135
-0.145
-0.128
-0.135
-0.145
-0.145
-0.125
-0.133
-0.135
-0.14
-0.133
-0.142
-0.147
-0.142
-0.145
-0.145
-0.145
-0.145
-0.14
-0.14
-0.152
-0.158
-0.145
-0.145
-0.147
-0.15
-0.147
-0.142
-0.13
-0.142
-0.14
-0.145
-0.14
-0.145
-0.152
-0.145
-0.152
-0.158
-0.163
-0.163
-0.145
-0.16
-0.145
-0.142
-0.135
-0.155
-0.152
-0.133
-0.14
-0.145
-0.145
-0.125
-0.128
-0.142
-0.145
-0.152
-0.135
-0.135
-0.155
-0.145
-0.13
-0.145
-0.15
-0.145
-0.138
-0.145
-0.142
-0.135
-0.133
-0.125
-0.135
-0.135
-0.125
-0.13
-0.142
-0.125
-0.115
-0.125
-0.113
-0.107
-0.1
-0.1
-0.105
-0.077
-0.05
-0.03
-0.028
-0.03
-0.045
-0.035
-0.04
-0.052
-0.045
-0.07
-0.08
-0.08
-0.095
-0.107
-0.122
-0.145
-0.147
-0.14
-0.155
-0.16
-0.15
-0.128
-0.15
-0.165
-0.182
-0.23
-0.345
-0.48
-0.593
-0.588
-0.435
-0.155
0.245
0.777
1.228
1.323
1.202
1.083
0.863
0.598
0.385
0.195
0.058
-0.015
-0.072
-0.107
-0.145
-0.152
-0.172
-0.175
-0.177
-0.195
-0.188
-0.182
-0.215
-0.215
-0.198
-0.205
-0.22
-0.22
-0.215
-0.205
-0.21
-0.215
-0.203
-0.203
-0.185
-0.223
-0.205
-0.215
-0.212
-0.217
-0.205
-0.21
-0.215
-0.207
-0.205
-0.19
-0.185
-0.185
-0.185
-0.18
-0.19
-0.182
-0.172
-0.18
-0.165
-0.16
-0.15
-0.133
-0.117
-0.113
-0.107
-0.085
-0.09
-0.08
-0.072
-0.05
-0.045
-0.033
-0.025
-0.013
-0.007
-0.013
-0.01
-0.01
-0.022
-0.035
-0.03
-0.043
-0.065
-0.077
-0.075
-0.09
-0.087
-0.095
-0.1
-0.1
-0.102
-0.092
-0.117
-0.11
-0.11
-0.107
-0.113
-0.102
-0.095
-0.105
-0.105
-0.11
-0.095
-0.105
-0.122
-0.113
-0.102
-0.107
-0.095
-0.098
-0.1
-0.105
-0.122
-0.11
-0.102
-0.117
-0.115
-0.11
-0.115
-0.13
-0.125
-0.133
-0.122
-0.135
-0.14
-0.128
-0.115
-0.13
-0.125
-0.125
-0.125
-0.142
-0.138
-0.138
-0.135
-0.125
-0.138
-0.125
-0.135
-0.13
-0.125
-0.14
-0.125
-0.122
-0.122
-0.142
-0.13
-0.135
-0.128
-0.125
-0.138
-0.117
-0.122
-0.122
-0.13
-0.122
-0.125
-0.135
-0.13
-0.125
-0.133
-0.14
-0.125
-0.122
-0.128
-0.15
-0.135
-0.117
-0.128
-0.145
-0.125
-0.115
-0.115
-0.135
-0.13
-0.133
-0.13
-0.128
-0.13
-0.125
-0.125
-0.125
-0.135
-0.135
-0.138
-0.125
-0.13
-0.102
-0.095
-0.11
-0.113
-0.087
-0.07
-0.08
-0.072
-0.045
-0.035
-0.043
-0.045
-0.055
-0.068
-0.092
-0.102
-0.11
-0.11
-0.125
-0.147
-0.135
-0.142
-0.15
-0.145
-0.133
-0.14
-0.16
-0.158
-0.19
-0.225
-0.355
-0.512
-0.588
-0.562
-0.405
-0.1
0.307
0.863
1.258
1.278
1.147
1.028
0.802
0.527
0.315
0.163
0.055
-0.025
-0.072
-0.113
-0.147
-0.155
-0.165
-0.17
-0.175
-0.203
-0.177
-0.19
-0.198
-0.198
-0.198
-0.205
-0.203
-0.203
-0.2
-0.193
-0.215
-0.205
-0.212
-0.185
-0.215
-0.205
-0.203
-0.22
-0.205
-0.21
-0.188
-0.212
-0.215
-0.215
-0.205
-0.212
-0.23
-0.212
-0.198
-0.203
-0.21
-0.207
-0.188
-0.193
-0.185
-0.185
-0.155
-0.155
-0.155
-0.125
-0.115
-0.115
-0.1
-0.085
-0.072
-0.035
-0.043
-0.033
-0.03
-0.033
-0.018
-0.022
-0.022
-0.045
-0.062
-0.068
-0.075
-0.075
-0.095
-0.092
-0.092
-0.095
-0.1
-0.102
-0.095
-0.102
-0.115
-0.115
-0.115
-0.115
-0.128
-0.115
-0.113
-0.105
-0.115
-0.117
-0.107
-0.125
-0.115
-0.115
-0.11
-0.113
-0.117
-0.125
-0.13
-0.117
-0.12
-0.117
-0.117
-0.115
-0.122
-0.135
-0.125
-0.125
-0.125
-0.135
-0.13
-0.125
-0.133
-0.133
-0.135
-0.142
-0.155
-0.14
-0.138
-0.128
-0.145
-0.15
-0.142
-0.152
-0.155
-0.155
-0.145
-0.142
-0.16
-0.155
-0.142
-0.135
-0.135
-0.158
-0.158
-0.138
-0.135
-0.142
-0.142
-0.138
-0.135
-0.155
-0.152
-0.155
-0.142
-0.145
-0.15
-0.138
-0.15
-0.145
-0.168
-0.142
-0.158
-0.16
-0.165
-0.155
-0.155
-0.175
-0.16
-0.16
-0.16
-0.16
-0.17
-0.152
-0.16
-0.155
-0.155
-0.155
-0.15
-0.165
-0.168
-0.165
-0.165
-0.152
-0.135
-0.113
-0.125
-0.135
-0.122
-0.105
-0.095
-0.092
-0.092
-0.072
-0.062
-0.07
-0.092
-0.095
-0.135
-0.145
-0.155
-0.155
-0.177
-0.18
-0.182
-0.19
-0.182
-0.19
-0.195
-0.193
-0.18
-0.195
-0.212
-0.25
-0.333
-0.507
-0.627
-0.647
-0.532
-0.263
0.092
0.627
1.127
1.265
1.133
1.022
0.858
0.598
0.347
0.155
0.018
-0.06
-0.14
-0.175
-0.155
-0.172
-0.24
-0.235
-0.235
-0.25
-0.25
-0.242
-0.25
-0.245
-0.258
-0.268
-0.255
-0.253
-0.253
-0.265
-0.263
-0.265
-0.278
-0.275
-0.275
-0.265
-0.26
-0.265
-0.245
-0.275
-0.265
-0.27
-0.247
-0.263
-0.265
-0.275
-0.268
-0.263
-0.265
-0.273
-0.263
-0.247
-0.263
-0.24
-0.245
-0.235
-0.225
-0.225
-0.198
-0.18
-0.175
-0.172
-0.155
-0.138
-0.138
-0.128
-0.122
-0.095
-0.085
-0.087
-0.085
-0.095
-0.08
-0.095
-0.098
-0.105
-0.115
-0.145
-0.147
-0.16
-0.155
-0.172
-0.188
-0.18
-0.185
-0.182
-0.195
-0.18
-0.18
-0.19
-0.185
-0.18
-0.185
-0.198
-0.19
-0.185
-0.177
-0.172
-0.19
-0.155
-0.175
-0.185
-0.16
-0.158
-0.16
-0.165
-0.18
-0.165
-0.172
-0.165
-0.16
-0.16
-0.158
-0.188
-0.177
-0.175
-0.17
-0.177
-0.175
-0.155
-0.15
-0.172
-0.182
-0.165
-0.177
-0.175
-0.182
-0.177
-0.17
-0.185
-0.18
-0.16
-0.158
-0.165
-0.17
-0.165
-0.175
-0.193
-0.18
-0.165
-0.16
-0.172
-0.165
-0.16
-0.163
-0.185
-0.182
-0.188
-0.175
-0.168
-0.165
-0.17
-0.18
-0.165
-0.185
-0.16
-0.175
-0.175
-0.17
-0.175
-0.17
-0.182
-0.188
-0.175
-0.165
-0.188
-0.168
-0.168
-0.18
-0.185
-0.145
-0.14
-0.15
-0.158
-0.16
-0.163
-0.168
-0.165
-0.147
-0.142
-0.13
-0.138
-0.122
-0.135
-0.13
-0.125
-0.105
-0.09
-0.11
-0.115
-0.085
-0.105
-0.115
-0.14
-0.155
-0.168
-0.177
-0.203
-0.195
-0.19
-0.19
-0.207
-0.207
-0.193
-0.215
-0.215
-0.21
-0.23
-0.282
-0.415
-0.54
-0.62
-0.598
-0.422
-0.13
0.255
0.782
1.183
1.228
1.097
0.948
0.745
0.485
0.245
0.08
-0.035
-0.105
-0.15
-0.21
-0.23
-0.235
-0.253
-0.263
-0.282
-0.282
-0.28
-0.28
-0.29
-0.282
-0.29
-0.278
-0.29
-0.282
-0.285
-0.29
-0.305
-0.295
-0.285
-0.285
-0.305
-0.302
-0.292
-0.287
-0.297
-0.315
-0.305
-0.295
-0.26
-0.278
-0.297
-0.287
-0.305
-0.302
-0.278
-0.278
-0.287
-0.287
-0.278
-0.255
-0.26
-0.263
-0.258
-0.225
-0.233
-0.242
-0.215
-0.19
-0.19
-0.193
-0.182
-0.16
-0.155
-0.14
-0.122
-0.113
-0.105
-0.102
-0.1
-0.105
-0.117
-0.135
-0.145
-0.135
-0.152
-0.168
-0.175
-0.165
-0.172
-0.185
-0.185
-0.172
-0.193
-0.19
-0.203
-0.188
-0.185
-0.19
-0.185
-0.172
-0.175
-0.18
-0.185
-0.185
-0.165
-0.175
-0.18
-0.165
-0.165
-0.18
-0.188
-0.182
-0.172
-0.185
-0.188
-0.165
-0.18
-0.17
-0.165
-0.172
-0.175
-0.17
-0.175
-0.16
-0.185
-0.175
-0.19
-0.177
-0.163
-0.188
-0.193
-0.17
-0.175
-0.175
-0.185
-0.185
-0.175
-0.175
-0.18
-0.165
-0.145
-0.165
-0.155
-0.145
-0.145
-0.135
-0.145
-0.152
-0.145
-0.15
-0.14
-0.145
-0.135
-0.142
-0.14
-0.125
-0.11
-0.128
-0.13
-0.11
-0.105
-0.128
-0.13
-0.125
-0.125
-0.125
-0.12
-0.105
-0.11
-0.117
-0.122
-0.128
-0.11
-0.12
-0.13
-0.13
-0.113
-0.12
-0.122
-0.113
-0.11
-0.133
-0.102
-0.092
-0.08
-0.09
-0.08
-0.08
-0.058
-0.05
-0.045
-0.033
-0.033
-0.035
-0.033
-0.035
-0.052
-0.07
-0.083
-0.098
-0.1
-0.11
-0.128
-0.13
-0.115
-0.133
-0.135
-0.122
-0.135
-0.142
-0.135
-0.165
-0.182
-0.31
-0.455
-0.547
-0.545
-0.395
-0.14
0.228
0.723
1.198
1.333
1.228
1.105
0.932
0.667
0.422
0.247
0.117
0.005
-0.045
-0.09
-0.107
-0.145
-0.14
-0.165
-0.17
-0.177
-0.185
-0.175
-0.182
-0.21
-0.205
-0.207
-0.195
-0.205
-0.195
-0.2
-0.195
-0.2
-0.205
-0.2
-0.203
-0.203
-0.223
-0.203
-0.19
-0.21
-0.205
-0.207
-0.19
-0.195
-0.203
-0.215
-0.185
-0.203
-0.212
-0.205
-0.193
-0.185
-0.19
-0.203
-0.18
-0.168
-0.19
-0.185
-0.16
-0.165
-0.152
-0.155
-0.115
-0.113
-0.095
-0.092
-0.08
-0.065
-0.055
-0.05
-0.037
-0.028
-0.03
-0.045
-0.055
-0.04
-0.048
-0.08
-0.08
-0.08
-0.09
-0.105
-0.12
-0.115
-0.115
-0.125
-0.122
-0.11
-0.113
-0.11
-0.117
-0.12
-0.125
-0.128
-0.14
-0.14
-0.125
-0.135
-0.125
-0.125
-0.12
-0.135
-0.14
-0.125
-0.122
-0.125
-0.142
-0.135
-0.125
-0.13
-0.14
-0.14
-0.12
-0.125
-0.147
-0.145
-0.133
-0.142
-0.145
-0.145
-0.14
-0.138
-0.15
-0.15
-0.133
-0.13
-0.145
-0.133
-0.14
-0.135
-0.14
-0.135
-0.142
-0.14
-0.15
-0.145
-0.135
-0.133
-0.13
-0.14
-0.13
-0.122
-0.13
-0.135
-0.14
-0.125
-0.135
-0.135
-0.147
-0.145
-0.128
-0.142
-0.145
-0.138
-0.145
-0.142
-0.147
-0.135
-0.14
-0.142
-0.16
-0.135
-0.14
-0.145
-0.147
-0.145
-0.135
-0.142
-0.138
-0.135
-0.105
-0.102
-0.133
-0.135
-0.12
-0.122
-0.14
-0.135
-0.122
-0.135
-0.14
-0.122
-0.115
-0.122
-0.125
-0.135
-0.117
-0.11
-0.1
-0.098
-0.098
-0.102
-0.11
-0.105
-0.08
-0.072
-0.065
-0.045
-0.025
-0.04
-0.025
-0.03
-0.055
-0.075
-0.075
-0.105
-0.115
-0.105
-0.125
-0.145
-0.138
-0.125
-0.125
-0.15
-0.14
-0.147
-0.158
-0.175
-0.203
-0.33
-0.468
